0	0	0
0	1	0
0	2	0
0	3	0
0	4	0
0	5	0
0	6	0
0	7	0
0	8	0
0	9	0
0	10	0
0	11	0
0	12	0
0	13	0
0	14	0
0	15	0
0	16	0
0	17	0
0	18	0
0	19	1
0	20	2
0	21	0
0	22	0
0	23	0
0	24	0
0	25	0
0	26	0
0	27	0
0	28	0
0	29	0
0	30	1
0	31	2
0	32	0
0	33	0
0	34	0
0	35	0
0	36	0
0	37	0
0	38	0
0	39	0
0	40	0
0	41	0
0	42	0
0	43	0
0	44	0
0	45	0
0	46	0
0	47	0
0	48	0
0	49	0
0	50	0
0	51	0
0	52	1
0	53	2
0	54	2
0	55	0
0	56	0
0	57	0
0	58	0
0	59	0
0	60	0
0	61	0
0	62	0
0	63	0
0	64	0
0	65	0
0	66	0
0	67	0
0	68	0
0	69	0
0	70	0
0	71	0
0	72	1
0	73	2
0	74	1
0	75	2
0	76	1
0	77	1
0	78	0
0	79	0
0	80	0
0	81	0
0	82	0
0	83	0
0	84	0
0	85	0
0	86	0
0	87	0
0	88	0
0	89	0
0	90	0
0	91	0
0	92	0
0	93	0
0	94	0
0	95	0
0	96	0
0	97	0
0	98	0
0	99	0

1	0	0
1	1	0
1	2	0
1	3	0
1	4	0
1	5	0
1	6	0
1	7	0
1	8	0
1	9	0
1	10	0
1	11	0
1	12	0
1	13	0
1	14	0
1	15	0
1	16	0
1	17	0
1	18	0
1	19	1
1	20	1
1	21	1
1	22	0
1	23	0
1	24	0
1	25	0
1	26	0
1	27	0
1	28	0
1	29	0
1	30	1
1	31	1
1	32	1
1	33	0
1	34	0
1	35	0
1	36	0
1	37	0
1	38	0
1	39	0
1	40	0
1	41	0
1	42	0
1	43	0
1	44	0
1	45	0
1	46	0
1	47	0
1	48	0
1	49	0
1	50	0
1	51	0
1	52	1
1	53	1
1	54	4
1	55	0
1	56	0
1	57	0
1	58	0
1	59	0
1	60	0
1	61	0
1	62	0
1	63	0
1	64	0
1	65	0
1	66	0
1	67	0
1	68	0
1	69	0
1	70	0
1	71	1
1	72	1
1	73	1
1	74	2
1	75	0
1	76	2
1	77	1
1	78	0
1	79	0
1	80	0
1	81	0
1	82	0
1	83	0
1	84	0
1	85	0
1	86	0
1	87	0
1	88	0
1	89	0
1	90	0
1	91	0
1	92	0
1	93	0
1	94	0
1	95	0
1	96	0
1	97	0
1	98	0
1	99	0

2	0	0
2	1	0
2	2	0
2	3	0
2	4	0
2	5	0
2	6	0
2	7	0
2	8	0
2	9	0
2	10	0
2	11	0
2	12	0
2	13	0
2	14	0
2	15	0
2	16	0
2	17	0
2	18	1
2	19	1
2	20	0
2	21	1
2	22	1
2	23	0
2	24	0
2	25	0
2	26	0
2	27	0
2	28	0
2	29	1
2	30	1
2	31	0
2	32	1
2	33	1
2	34	0
2	35	0
2	36	0
2	37	0
2	38	0
2	39	0
2	40	0
2	41	0
2	42	0
2	43	0
2	44	0
2	45	0
2	46	0
2	47	0
2	48	0
2	49	0
2	50	0
2	51	1
2	52	1
2	53	0
2	54	3
2	55	1
2	56	0
2	57	0
2	58	0
2	59	0
2	60	0
2	61	0
2	62	0
2	63	0
2	64	0
2	65	0
2	66	0
2	67	0
2	68	0
2	69	0
2	70	0
2	71	1
2	72	0
2	73	1
2	74	2
2	75	0
2	76	2
2	77	1
2	78	0
2	79	0
2	80	0
2	81	0
2	82	0
2	83	0
2	84	0
2	85	0
2	86	0
2	87	0
2	88	0
2	89	0
2	90	0
2	91	0
2	92	0
2	93	0
2	94	0
2	95	0
2	96	0
2	97	0
2	98	0
2	99	0

3	0	0
3	1	0
3	2	0
3	3	0
3	4	0
3	5	0
3	6	0
3	7	0
3	8	0
3	9	0
3	10	0
3	11	0
3	12	0
3	13	0
3	14	0
3	15	0
3	16	0
3	17	1
3	18	1
3	19	0
3	20	0
3	21	0
3	22	1
3	23	0
3	24	0
3	25	0
3	26	0
3	27	0
3	28	0
3	29	1
3	30	0
3	31	0
3	32	1
3	33	2
3	34	1
3	35	0
3	36	0
3	37	0
3	38	0
3	39	0
3	40	0
3	41	0
3	42	0
3	43	0
3	44	0
3	45	0
3	46	0
3	47	0
3	48	0
3	49	0
3	50	1
3	51	1
3	52	0
3	53	0
3	54	2
3	55	1
3	56	0
3	57	0
3	58	0
3	59	0
3	60	0
3	61	0
3	62	0
3	63	0
3	64	0
3	65	0
3	66	0
3	67	0
3	68	0
3	69	0
3	70	1
3	71	1
3	72	0
3	73	1
3	74	1
3	75	2
3	76	1
3	77	1
3	78	0
3	79	0
3	80	0
3	81	0
3	82	0
3	83	0
3	84	0
3	85	0
3	86	0
3	87	0
3	88	0
3	89	0
3	90	0
3	91	0
3	92	0
3	93	0
3	94	0
3	95	0
3	96	0
3	97	0
3	98	0
3	99	0

4	0	0
4	1	0
4	2	0
4	3	0
4	4	0
4	5	0
4	6	0
4	7	0
4	8	0
4	9	0
4	10	0
4	11	0
4	12	0
4	13	0
4	14	0
4	15	0
4	16	0
4	17	1
4	18	0
4	19	0
4	20	0
4	21	0
4	22	1
4	23	1
4	24	0
4	25	0
4	26	0
4	27	0
4	28	0
4	29	1
4	30	0
4	31	0
4	32	0
4	33	1
4	34	1
4	35	0
4	36	0
4	37	0
4	38	0
4	39	0
4	40	0
4	41	0
4	42	0
4	43	0
4	44	0
4	45	0
4	46	0
4	47	0
4	48	0
4	49	0
4	50	1
4	51	0
4	52	0
4	53	1
4	54	2
4	55	1
4	56	1
4	57	0
4	58	0
4	59	0
4	60	0
4	61	0
4	62	0
4	63	0
4	64	0
4	65	0
4	66	0
4	67	0
4	68	0
4	69	1
4	70	1
4	71	0
4	72	1
4	73	1
4	74	0
4	75	2
4	76	1
4	77	0
4	78	0
4	79	0
4	80	0
4	81	0
4	82	0
4	83	0
4	84	0
4	85	0
4	86	0
4	87	0
4	88	0
4	89	0
4	90	0
4	91	0
4	92	0
4	93	0
4	94	0
4	95	0
4	96	0
4	97	0
4	98	0
4	99	0

5	0	0
5	1	0
5	2	0
5	3	0
5	4	0
5	5	0
5	6	0
5	7	0
5	8	0
5	9	0
5	10	0
5	11	0
5	12	0
5	13	1
5	14	0
5	15	0
5	16	1
5	17	1
5	18	0
5	19	0
5	20	0
5	21	0
5	22	0
5	23	1
5	24	1
5	25	0
5	26	0
5	27	0
5	28	1
5	29	1
5	30	0
5	31	0
5	32	0
5	33	1
5	34	2
5	35	1
5	36	0
5	37	0
5	38	0
5	39	0
5	40	0
5	41	0
5	42	0
5	43	0
5	44	0
5	45	0
5	46	0
5	47	0
5	48	0
5	49	1
5	50	1
5	51	0
5	52	0
5	53	2
5	54	1
5	55	0
5	56	1
5	57	1
5	58	0
5	59	0
5	60	0
5	61	0
5	62	0
5	63	0
5	64	0
5	65	0
5	66	0
5	67	0
5	68	0
5	69	1
5	70	0
5	71	0
5	72	1
5	73	0
5	74	1
5	75	1
5	76	1
5	77	0
5	78	0
5	79	0
5	80	0
5	81	0
5	82	0
5	83	0
5	84	0
5	85	0
5	86	0
5	87	0
5	88	0
5	89	0
5	90	0
5	91	0
5	92	0
5	93	0
5	94	0
5	95	0
5	96	0
5	97	0
5	98	0
5	99	0

6	0	0
6	1	0
6	2	0
6	3	0
6	4	0
6	5	0
6	6	0
6	7	0
6	8	0
6	9	0
6	10	0
6	11	0
6	12	0
6	13	1
6	14	1
6	15	1
6	16	1
6	17	0
6	18	0
6	19	0
6	20	0
6	21	0
6	22	0
6	23	0
6	24	1
6	25	0
6	26	0
6	27	0
6	28	1
6	29	0
6	30	0
6	31	0
6	32	0
6	33	0
6	34	1
6	35	1
6	36	0
6	37	0
6	38	0
6	39	0
6	40	0
6	41	0
6	42	0
6	43	0
6	44	0
6	45	0
6	46	0
6	47	0
6	48	1
6	49	1
6	50	0
6	51	0
6	52	1
6	53	2
6	54	1
6	55	0
6	56	0
6	57	1
6	58	0
6	59	0
6	60	0
6	61	0
6	62	0
6	63	0
6	64	0
6	65	0
6	66	0
6	67	0
6	68	1
6	69	1
6	70	0
6	71	1
6	72	1
6	73	1
6	74	1
6	75	0
6	76	1
6	77	1
6	78	0
6	79	0
6	80	0
6	81	0
6	82	0
6	83	0
6	84	0
6	85	0
6	86	0
6	87	0
6	88	0
6	89	0
6	90	0
6	91	0
6	92	0
6	93	0
6	94	0
6	95	0
6	96	0
6	97	0
6	98	0
6	99	0

7	0	0
7	1	0
7	2	0
7	3	0
7	4	0
7	5	0
7	6	0
7	7	0
7	8	0
7	9	0
7	10	0
7	11	0
7	12	0
7	13	0
7	14	1
7	15	1
7	16	0
7	17	0
7	18	0
7	19	0
7	20	0
7	21	0
7	22	0
7	23	0
7	24	1
7	25	1
7	26	0
7	27	1
7	28	1
7	29	0
7	30	0
7	31	0
7	32	0
7	33	0
7	34	1
7	35	2
7	36	0
7	37	0
7	38	0
7	39	0
7	40	0
7	41	0
7	42	0
7	43	0
7	44	0
7	45	0
7	46	0
7	47	0
7	48	1
7	49	0
7	50	0
7	51	0
7	52	1
7	53	1
7	54	1
7	55	0
7	56	0
7	57	1
7	58	1
7	59	0
7	60	0
7	61	0
7	62	0
7	63	0
7	64	0
7	65	0
7	66	0
7	67	0
7	68	1
7	69	0
7	70	0
7	71	1
7	72	0
7	73	1
7	74	0
7	75	0
7	76	0
7	77	1
7	78	1
7	79	0
7	80	0
7	81	0
7	82	0
7	83	0
7	84	0
7	85	0
7	86	0
7	87	0
7	88	0
7	89	0
7	90	0
7	91	0
7	92	0
7	93	0
7	94	0
7	95	0
7	96	0
7	97	0
7	98	0
7	99	0

8	0	0
8	1	0
8	2	0
8	3	0
8	4	0
8	5	0
8	6	0
8	7	0
8	8	0
8	9	0
8	10	0
8	11	0
8	12	0
8	13	0
8	14	2
8	15	1
8	16	0
8	17	0
8	18	0
8	19	0
8	20	0
8	21	0
8	22	0
8	23	0
8	24	0
8	25	1
8	26	0
8	27	1
8	28	0
8	29	0
8	30	0
8	31	0
8	32	0
8	33	0
8	34	0
8	35	2
8	36	1
8	37	0
8	38	0
8	39	0
8	40	0
8	41	0
8	42	0
8	43	0
8	44	0
8	45	0
8	46	0
8	47	1
8	48	1
8	49	0
8	50	0
8	51	0
8	52	1
8	53	1
8	54	0
8	55	0
8	56	0
8	57	0
8	58	1
8	59	0
8	60	0
8	61	0
8	62	0
8	63	0
8	64	0
8	65	0
8	66	0
8	67	1
8	68	1
8	69	0
8	70	1
8	71	1
8	72	1
8	73	1
8	74	0
8	75	0
8	76	0
8	77	0
8	78	1
8	79	0
8	80	0
8	81	0
8	82	0
8	83	0
8	84	0
8	85	0
8	86	0
8	87	0
8	88	0
8	89	0
8	90	0
8	91	0
8	92	0
8	93	0
8	94	0
8	95	0
8	96	0
8	97	0
8	98	0
8	99	0

9	0	0
9	1	0
9	2	0
9	3	0
9	4	0
9	5	0
9	6	0
9	7	0
9	8	0
9	9	0
9	10	0
9	11	0
9	12	0
9	13	1
9	14	2
9	15	1
9	16	0
9	17	0
9	18	0
9	19	0
9	20	0
9	21	0
9	22	0
9	23	0
9	24	0
9	25	1
9	26	2
9	27	1
9	28	0
9	29	0
9	30	0
9	31	0
9	32	0
9	33	0
9	34	0
9	35	1
9	36	2
9	37	0
9	38	0
9	39	0
9	40	0
9	41	0
9	42	0
9	43	0
9	44	0
9	45	0
9	46	1
9	47	1
9	48	0
9	49	0
9	50	0
9	51	0
9	52	1
9	53	1
9	54	0
9	55	0
9	56	0
9	57	0
9	58	1
9	59	1
9	60	0
9	61	0
9	62	0
9	63	0
9	64	0
9	65	0
9	66	1
9	67	1
9	68	0
9	69	1
9	70	1
9	71	1
9	72	1
9	73	0
9	74	0
9	75	0
9	76	0
9	77	0
9	78	1
9	79	1
9	80	0
9	81	0
9	82	0
9	83	0
9	84	0
9	85	0
9	86	0
9	87	0
9	88	0
9	89	0
9	90	0
9	91	0
9	92	0
9	93	0
9	94	0
9	95	0
9	96	0
9	97	0
9	98	0
9	99	0

10	0	0
10	1	0
10	2	0
10	3	0
10	4	0
10	5	0
10	6	0
10	7	0
10	8	0
10	9	0
10	10	0
10	11	0
10	12	0
10	13	1
10	14	0
10	15	1
10	16	0
10	17	0
10	18	0
10	19	0
10	20	0
10	21	0
10	22	0
10	23	0
10	24	0
10	25	0
10	26	2
10	27	1
10	28	0
10	29	0
10	30	0
10	31	0
10	32	0
10	33	0
10	34	0
10	35	0
10	36	3
10	37	1
10	38	0
10	39	0
10	40	0
10	41	0
10	42	0
10	43	0
10	44	0
10	45	0
10	46	1
10	47	0
10	48	0
10	49	0
10	50	0
10	51	0
10	52	1
10	53	1
10	54	0
10	55	0
10	56	0
10	57	0
10	58	0
10	59	1
10	60	1
10	61	0
10	62	0
10	63	0
10	64	0
10	65	0
10	66	1
10	67	0
10	68	0
10	69	1
10	70	0
10	71	1
10	72	0
10	73	0
10	74	0
10	75	0
10	76	0
10	77	0
10	78	0
10	79	1
10	80	1
10	81	0
10	82	0
10	83	0
10	84	0
10	85	0
10	86	0
10	87	0
10	88	0
10	89	0
10	90	0
10	91	0
10	92	0
10	93	0
10	94	0
10	95	0
10	96	0
10	97	0
10	98	0
10	99	0

11	0	0
11	1	0
11	2	0
11	3	0
11	4	0
11	5	0
11	6	0
11	7	0
11	8	0
11	9	0
11	10	0
11	11	0
11	12	1
11	13	1
11	14	0
11	15	1
11	16	1
11	17	0
11	18	0
11	19	0
11	20	0
11	21	0
11	22	0
11	23	0
11	24	0
11	25	1
11	26	1
11	27	1
11	28	0
11	29	0
11	30	0
11	31	0
11	32	0
11	33	0
11	34	0
11	35	0
11	36	1
11	37	2
11	38	0
11	39	0
11	40	0
11	41	0
11	42	0
11	43	0
11	44	0
11	45	1
11	46	1
11	47	0
11	48	0
11	49	1
11	50	0
11	51	0
11	52	1
11	53	1
11	54	0
11	55	0
11	56	0
11	57	0
11	58	0
11	59	0
11	60	1
11	61	0
11	62	0
11	63	0
11	64	0
11	65	1
11	66	1
11	67	0
11	68	1
11	69	1
11	70	1
11	71	1
11	72	0
11	73	0
11	74	0
11	75	0
11	76	0
11	77	0
11	78	0
11	79	0
11	80	1
11	81	0
11	82	0
11	83	0
11	84	0
11	85	0
11	86	0
11	87	0
11	88	0
11	89	0
11	90	0
11	91	0
11	92	0
11	93	0
11	94	0
11	95	0
11	96	0
11	97	0
11	98	0
11	99	0

12	0	0
12	1	0
12	2	0
12	3	0
12	4	0
12	5	0
12	6	0
12	7	0
12	8	0
12	9	0
12	10	0
12	11	0
12	12	1
12	13	0
12	14	0
12	15	0
12	16	1
12	17	0
12	18	0
12	19	0
12	20	0
12	21	0
12	22	0
12	23	0
12	24	0
12	25	1
12	26	0
12	27	1
12	28	1
12	29	0
12	30	0
12	31	0
12	32	0
12	33	0
12	34	0
12	35	0
12	36	0
12	37	2
12	38	1
12	39	0
12	40	0
12	41	0
12	42	0
12	43	0
12	44	0
12	45	1
12	46	0
12	47	0
12	48	0
12	49	1
12	50	0
12	51	0
12	52	1
12	53	1
12	54	0
12	55	0
12	56	0
12	57	0
12	58	0
12	59	0
12	60	1
12	61	1
12	62	0
12	63	0
12	64	1
12	65	1
12	66	0
12	67	0
12	68	1
12	69	0
12	70	1
12	71	0
12	72	0
12	73	0
12	74	0
12	75	0
12	76	0
12	77	0
12	78	0
12	79	0
12	80	1
12	81	1
12	82	0
12	83	0
12	84	0
12	85	0
12	86	0
12	87	0
12	88	0
12	89	0
12	90	0
12	91	0
12	92	0
12	93	0
12	94	0
12	95	0
12	96	0
12	97	0
12	98	0
12	99	0

13	0	0
13	1	0
13	2	0
13	3	0
13	4	0
13	5	0
13	6	0
13	7	0
13	8	0
13	9	0
13	10	0
13	11	1
13	12	1
13	13	0
13	14	0
13	15	0
13	16	1
13	17	0
13	18	0
13	19	0
13	20	0
13	21	0
13	22	0
13	23	0
13	24	1
13	25	1
13	26	0
13	27	0
13	28	1
13	29	1
13	30	0
13	31	0
13	32	0
13	33	0
13	34	0
13	35	0
13	36	0
13	37	1
13	38	2
13	39	0
13	40	0
13	41	0
13	42	0
13	43	0
13	44	1
13	45	1
13	46	0
13	47	0
13	48	0
13	49	1
13	50	1
13	51	0
13	52	1
13	53	1
13	54	0
13	55	0
13	56	0
13	57	0
13	58	0
13	59	0
13	60	0
13	61	1
13	62	1
13	63	0
13	64	1
13	65	0
13	66	0
13	67	1
13	68	1
13	69	1
13	70	1
13	71	0
13	72	0
13	73	1
13	74	1
13	75	1
13	76	0
13	77	0
13	78	0
13	79	0
13	80	0
13	81	1
13	82	0
13	83	0
13	84	0
13	85	0
13	86	0
13	87	0
13	88	0
13	89	0
13	90	0
13	91	0
13	92	0
13	93	0
13	94	0
13	95	0
13	96	0
13	97	0
13	98	0
13	99	0

14	0	0
14	1	0
14	2	0
14	3	0
14	4	0
14	5	0
14	6	0
14	7	0
14	8	0
14	9	0
14	10	1
14	11	1
14	12	0
14	13	0
14	14	0
14	15	0
14	16	1
14	17	1
14	18	0
14	19	0
14	20	0
14	21	0
14	22	0
14	23	0
14	24	1
14	25	0
14	26	0
14	27	0
14	28	0
14	29	1
14	30	0
14	31	0
14	32	0
14	33	0
14	34	0
14	35	0
14	36	0
14	37	0
14	38	2
14	39	1
14	40	0
14	41	0
14	42	0
14	43	1
14	44	1
14	45	0
14	46	0
14	47	0
14	48	0
14	49	0
14	50	1
14	51	0
14	52	1
14	53	1
14	54	0
14	55	0
14	56	0
14	57	0
14	58	0
14	59	0
14	60	0
14	61	0
14	62	1
14	63	1
14	64	1
14	65	0
14	66	0
14	67	1
14	68	1
14	69	1
14	70	0
14	71	0
14	72	0
14	73	0
14	74	0
14	75	1
14	76	1
14	77	1
14	78	1
14	79	0
14	80	0
14	81	1
14	82	1
14	83	0
14	84	0
14	85	0
14	86	0
14	87	0
14	88	0
14	89	0
14	90	0
14	91	0
14	92	0
14	93	0
14	94	0
14	95	0
14	96	0
14	97	0
14	98	0
14	99	0

15	0	0
15	1	0
15	2	0
15	3	0
15	4	0
15	5	0
15	6	0
15	7	0
15	8	0
15	9	0
15	10	1
15	11	0
15	12	0
15	13	0
15	14	0
15	15	0
15	16	0
15	17	1
15	18	0
15	19	0
15	20	0
15	21	0
15	22	0
15	23	1
15	24	1
15	25	0
15	26	0
15	27	0
15	28	0
15	29	1
15	30	1
15	31	0
15	32	0
15	33	0
15	34	0
15	35	0
15	36	0
15	37	0
15	38	1
15	39	2
15	40	0
15	41	0
15	42	0
15	43	1
15	44	0
15	45	0
15	46	0
15	47	0
15	48	0
15	49	0
15	50	1
15	51	0
15	52	1
15	53	1
15	54	0
15	55	0
15	56	0
15	57	0
15	58	0
15	59	0
15	60	0
15	61	0
15	62	2
15	63	2
15	64	0
15	65	0
15	66	1
15	67	1
15	68	1
15	69	0
15	70	0
15	71	0
15	72	0
15	73	0
15	74	0
15	75	0
15	76	0
15	77	0
15	78	1
15	79	1
15	80	1
15	81	0
15	82	1
15	83	1
15	84	0
15	85	0
15	86	0
15	87	0
15	88	0
15	89	0
15	90	0
15	91	0
15	92	0
15	93	0
15	94	0
15	95	0
15	96	0
15	97	0
15	98	0
15	99	0

16	0	0
16	1	0
16	2	0
16	3	0
16	4	0
16	5	0
16	6	0
16	7	0
16	8	0
16	9	1
16	10	1
16	11	0
16	12	0
16	13	0
16	14	0
16	15	0
16	16	0
16	17	1
16	18	0
16	19	0
16	20	0
16	21	0
16	22	0
16	23	1
16	24	0
16	25	0
16	26	0
16	27	0
16	28	0
16	29	0
16	30	1
16	31	1
16	32	0
16	33	0
16	34	0
16	35	0
16	36	0
16	37	0
16	38	0
16	39	2
16	40	1
16	41	0
16	42	1
16	43	1
16	44	0
16	45	0
16	46	0
16	47	0
16	48	0
16	49	0
16	50	1
16	51	0
16	52	1
16	53	1
16	54	0
16	55	0
16	56	0
16	57	0
16	58	0
16	59	0
16	60	0
16	61	0
16	62	1
16	63	1
16	64	1
16	65	0
16	66	1
16	67	1
16	68	1
16	69	0
16	70	0
16	71	0
16	72	0
16	73	0
16	74	0
16	75	0
16	76	0
16	77	0
16	78	0
16	79	0
16	80	1
16	81	1
16	82	1
16	83	2
16	84	0
16	85	0
16	86	0
16	87	0
16	88	0
16	89	0
16	90	0
16	91	0
16	92	0
16	93	0
16	94	0
16	95	0
16	96	0
16	97	0
16	98	0
16	99	0

17	0	0
17	1	0
17	2	0
17	3	0
17	4	0
17	5	0
17	6	0
17	7	0
17	8	1
17	9	1
17	10	0
17	11	0
17	12	0
17	13	0
17	14	0
17	15	0
17	16	0
17	17	1
17	18	1
17	19	1
17	20	0
17	21	0
17	22	1
17	23	1
17	24	0
17	25	0
17	26	0
17	27	0
17	28	0
17	29	0
17	30	0
17	31	1
17	32	0
17	33	0
17	34	0
17	35	0
17	36	0
17	37	0
17	38	0
17	39	1
17	40	2
17	41	1
17	42	1
17	43	0
17	44	0
17	45	0
17	46	0
17	47	0
17	48	0
17	49	0
17	50	1
17	51	0
17	52	1
17	53	1
17	54	0
17	55	0
17	56	0
17	57	0
17	58	0
17	59	0
17	60	0
17	61	1
17	62	1
17	63	0
17	64	1
17	65	1
17	66	1
17	67	1
17	68	0
17	69	0
17	70	0
17	71	0
17	72	0
17	73	0
17	74	0
17	75	0
17	76	0
17	77	0
17	78	0
17	79	0
17	80	0
17	81	0
17	82	0
17	83	2
17	84	2
17	85	1
17	86	0
17	87	0
17	88	0
17	89	0
17	90	0
17	91	0
17	92	0
17	93	0
17	94	0
17	95	0
17	96	0
17	97	0
17	98	0
17	99	0

18	0	0
18	1	0
18	2	0
18	3	0
18	4	0
18	5	0
18	6	0
18	7	0
18	8	1
18	9	0
18	10	0
18	11	0
18	12	0
18	13	0
18	14	0
18	15	0
18	16	0
18	17	0
18	18	1
18	19	1
18	20	1
18	21	1
18	22	1
18	23	0
18	24	0
18	25	0
18	26	0
18	27	0
18	28	0
18	29	0
18	30	0
18	31	1
18	32	1
18	33	0
18	34	0
18	35	0
18	36	0
18	37	0
18	38	0
18	39	0
18	40	2
18	41	2
18	42	0
18	43	0
18	44	0
18	45	0
18	46	0
18	47	0
18	48	0
18	49	0
18	50	1
18	51	0
18	52	1
18	53	1
18	54	0
18	55	0
18	56	0
18	57	0
18	58	0
18	59	0
18	60	0
18	61	1
18	62	0
18	63	0
18	64	2
18	65	2
18	66	1
18	67	1
18	68	0
18	69	0
18	70	0
18	71	0
18	72	0
18	73	0
18	74	0
18	75	0
18	76	0
18	77	0
18	78	0
18	79	0
18	80	0
18	81	0
18	82	0
18	83	0
18	84	1
18	85	2
18	86	1
18	87	1
18	88	1
18	89	0
18	90	0
18	91	0
18	92	0
18	93	0
18	94	0
18	95	0
18	96	0
18	97	0
18	98	0
18	99	0

19	0	0
19	1	0
19	2	0
19	3	0
19	4	0
19	5	0
19	6	0
19	7	1
19	8	1
19	9	0
19	10	0
19	11	0
19	12	0
19	13	0
19	14	0
19	15	0
19	16	0
19	17	0
19	18	1
19	19	1
19	20	0
19	21	2
19	22	2
19	23	0
19	24	0
19	25	0
19	26	0
19	27	0
19	28	0
19	29	0
19	30	0
19	31	0
19	32	1
19	33	0
19	34	0
19	35	0
19	36	0
19	37	0
19	38	0
19	39	0
19	40	2
19	41	3
19	42	0
19	43	0
19	44	0
19	45	0
19	46	0
19	47	0
19	48	0
19	49	0
19	50	1
19	51	1
19	52	1
19	53	2
19	54	0
19	55	0
19	56	0
19	57	0
19	58	0
19	59	0
19	60	1
19	61	1
19	62	0
19	63	0
19	64	1
19	65	2
19	66	1
19	67	0
19	68	0
19	69	0
19	70	0
19	71	0
19	72	0
19	73	0
19	74	0
19	75	0
19	76	0
19	77	0
19	78	0
19	79	0
19	80	0
19	81	0
19	82	0
19	83	0
19	84	0
19	85	1
19	86	0
19	87	0
19	88	1
19	89	1
19	90	1
19	91	1
19	92	0
19	93	0
19	94	0
19	95	0
19	96	0
19	97	0
19	98	0
19	99	0

20	0	0
20	1	0
20	2	0
20	3	0
20	4	0
20	5	0
20	6	0
20	7	1
20	8	0
20	9	0
20	10	0
20	11	0
20	12	0
20	13	0
20	14	0
20	15	0
20	16	0
20	17	0
20	18	0
20	19	1
20	20	0
20	21	1
20	22	1
20	23	1
20	24	0
20	25	0
20	26	0
20	27	0
20	28	0
20	29	0
20	30	0
20	31	0
20	32	1
20	33	1
20	34	0
20	35	0
20	36	0
20	37	0
20	38	0
20	39	0
20	40	1
20	41	2
20	42	1
20	43	0
20	44	0
20	45	0
20	46	0
20	47	0
20	48	0
20	49	0
20	50	1
20	51	1
20	52	1
20	53	1
20	54	0
20	55	0
20	56	0
20	57	0
20	58	0
20	59	1
20	60	1
20	61	0
20	62	0
20	63	2
20	64	1
20	65	2
20	66	1
20	67	0
20	68	0
20	69	0
20	70	0
20	71	0
20	72	0
20	73	0
20	74	0
20	75	0
20	76	0
20	77	0
20	78	0
20	79	0
20	80	0
20	81	0
20	82	0
20	83	0
20	84	0
20	85	1
20	86	1
20	87	0
20	88	0
20	89	0
20	90	0
20	91	1
20	92	1
20	93	1
20	94	0
20	95	0
20	96	0
20	97	0
20	98	0
20	99	0

21	0	0
21	1	0
21	2	0
21	3	0
21	4	0
21	5	0
21	6	1
21	7	1
21	8	0
21	9	0
21	10	0
21	11	0
21	12	0
21	13	0
21	14	0
21	15	0
21	16	0
21	17	0
21	18	0
21	19	1
21	20	1
21	21	1
21	22	0
21	23	1
21	24	1
21	25	1
21	26	0
21	27	0
21	28	0
21	29	0
21	30	0
21	31	0
21	32	0
21	33	1
21	34	1
21	35	0
21	36	0
21	37	0
21	38	0
21	39	1
21	40	1
21	41	1
21	42	2
21	43	0
21	44	0
21	45	0
21	46	0
21	47	0
21	48	0
21	49	0
21	50	1
21	51	1
21	52	1
21	53	1
21	54	0
21	55	0
21	56	0
21	57	0
21	58	0
21	59	1
21	60	0
21	61	0
21	62	0
21	63	1
21	64	1
21	65	1
21	66	1
21	67	1
21	68	0
21	69	0
21	70	0
21	71	0
21	72	0
21	73	0
21	74	0
21	75	0
21	76	0
21	77	0
21	78	0
21	79	0
21	80	0
21	81	0
21	82	0
21	83	0
21	84	0
21	85	0
21	86	1
21	87	0
21	88	0
21	89	0
21	90	0
21	91	0
21	92	0
21	93	1
21	94	1
21	95	1
21	96	1
21	97	0
21	98	0
21	99	0

22	0	0
22	1	0
22	2	0
22	3	0
22	4	0
22	5	1
22	6	1
22	7	0
22	8	0
22	9	0
22	10	0
22	11	0
22	12	0
22	13	0
22	14	0
22	15	0
22	16	0
22	17	0
22	18	0
22	19	1
22	20	2
22	21	0
22	22	0
22	23	0
22	24	0
22	25	1
22	26	1
22	27	0
22	28	0
22	29	0
22	30	0
22	31	0
22	32	0
22	33	0
22	34	1
22	35	0
22	36	0
22	37	0
22	38	1
22	39	1
22	40	0
22	41	0
22	42	2
22	43	0
22	44	0
22	45	0
22	46	0
22	47	0
22	48	0
22	49	0
22	50	1
22	51	1
22	52	1
22	53	1
22	54	0
22	55	0
22	56	0
22	57	0
22	58	1
22	59	1
22	60	0
22	61	0
22	62	1
22	63	3
22	64	1
22	65	0
22	66	0
22	67	1
22	68	0
22	69	0
22	70	0
22	71	0
22	72	0
22	73	0
22	74	0
22	75	0
22	76	0
22	77	0
22	78	0
22	79	0
22	80	0
22	81	0
22	82	0
22	83	0
22	84	0
22	85	0
22	86	1
22	87	1
22	88	0
22	89	0
22	90	0
22	91	0
22	92	0
22	93	0
22	94	0
22	95	0
22	96	1
22	97	1
22	98	1
22	99	0

23	0	0
23	1	0
23	2	0
23	3	0
23	4	0
23	5	1
23	6	0
23	7	0
23	8	0
23	9	0
23	10	0
23	11	0
23	12	0
23	13	0
23	14	0
23	15	0
23	16	0
23	17	0
23	18	0
23	19	1
23	20	2
23	21	0
23	22	0
23	23	0
23	24	0
23	25	0
23	26	1
23	27	1
23	28	0
23	29	0
23	30	0
23	31	0
23	32	0
23	33	0
23	34	1
23	35	1
23	36	0
23	37	0
23	38	1
23	39	0
23	40	0
23	41	0
23	42	2
23	43	3
23	44	0
23	45	0
23	46	0
23	47	0
23	48	0
23	49	0
23	50	1
23	51	1
23	52	1
23	53	1
23	54	0
23	55	0
23	56	0
23	57	1
23	58	1
23	59	0
23	60	0
23	61	0
23	62	1
23	63	1
23	64	0
23	65	0
23	66	0
23	67	1
23	68	1
23	69	0
23	70	0
23	71	0
23	72	0
23	73	0
23	74	0
23	75	0
23	76	0
23	77	0
23	78	0
23	79	0
23	80	0
23	81	0
23	82	0
23	83	0
23	84	0
23	85	0
23	86	0
23	87	1
23	88	1
23	89	0
23	90	0
23	91	0
23	92	0
23	93	0
23	94	0
23	95	0
23	96	0
23	97	0
23	98	2
23	99	2

24	0	0
24	1	0
24	2	0
24	3	0
24	4	1
24	5	1
24	6	0
24	7	0
24	8	0
24	9	0
24	10	0
24	11	0
24	12	0
24	13	0
24	14	0
24	15	0
24	16	0
24	17	0
24	18	0
24	19	1
24	20	1
24	21	0
24	22	0
24	23	0
24	24	0
24	25	0
24	26	0
24	27	1
24	28	1
24	29	1
24	30	0
24	31	0
24	32	0
24	33	0
24	34	0
24	35	1
24	36	1
24	37	1
24	38	1
24	39	0
24	40	0
24	41	0
24	42	0
24	43	3
24	44	0
24	45	0
24	46	0
24	47	0
24	48	0
24	49	0
24	50	1
24	51	1
24	52	2
24	53	1
24	54	0
24	55	0
24	56	0
24	57	1
24	58	0
24	59	0
24	60	0
24	61	1
24	62	2
24	63	1
24	64	0
24	65	0
24	66	0
24	67	0
24	68	1
24	69	1
24	70	0
24	71	0
24	72	0
24	73	0
24	74	0
24	75	0
24	76	0
24	77	0
24	78	0
24	79	0
24	80	0
24	81	0
24	82	0
24	83	0
24	84	0
24	85	0
24	86	0
24	87	0
24	88	1
24	89	0
24	90	0
24	91	0
24	92	0
24	93	0
24	94	0
24	95	0
24	96	1
24	97	1
24	98	1
24	99	0

25	0	0
25	1	0
25	2	0
25	3	1
25	4	1
25	5	0
25	6	0
25	7	0
25	8	0
25	9	0
25	10	0
25	11	0
25	12	0
25	13	0
25	14	0
25	15	0
25	16	0
25	17	0
25	18	0
25	19	0
25	20	1
25	21	1
25	22	0
25	23	0
25	24	0
25	25	0
25	26	0
25	27	0
25	28	0
25	29	1
25	30	1
25	31	0
25	32	0
25	33	0
25	34	0
25	35	0
25	36	2
25	37	1
25	38	0
25	39	0
25	40	0
25	41	0
25	42	0
25	43	3
25	44	2
25	45	0
25	46	0
25	47	0
25	48	0
25	49	0
25	50	1
25	51	2
25	52	3
25	53	0
25	54	0
25	55	0
25	56	1
25	57	1
25	58	0
25	59	0
25	60	0
25	61	1
25	62	1
25	63	0
25	64	0
25	65	0
25	66	0
25	67	0
25	68	0
25	69	1
25	70	0
25	71	0
25	72	0
25	73	0
25	74	0
25	75	0
25	76	0
25	77	0
25	78	0
25	79	0
25	80	0
25	81	0
25	82	0
25	83	0
25	84	0
25	85	0
25	86	0
25	87	0
25	88	1
25	89	1
25	90	0
25	91	0
25	92	0
25	93	1
25	94	1
25	95	1
25	96	1
25	97	0
25	98	0
25	99	0

26	0	0
26	1	0
26	2	0
26	3	1
26	4	0
26	5	0
26	6	0
26	7	0
26	8	0
26	9	0
26	10	0
26	11	0
26	12	0
26	13	0
26	14	0
26	15	0
26	16	0
26	17	0
26	18	0
26	19	0
26	20	0
26	21	1
26	22	0
26	23	0
26	24	0
26	25	0
26	26	0
26	27	0
26	28	0
26	29	0
26	30	1
26	31	1
26	32	0
26	33	0
26	34	0
26	35	0
26	36	2
26	37	1
26	38	0
26	39	0
26	40	0
26	41	0
26	42	0
26	43	2
26	44	3
26	45	0
26	46	0
26	47	0
26	48	0
26	49	0
26	50	0
26	51	2
26	52	2
26	53	0
26	54	0
26	55	0
26	56	1
26	57	0
26	58	0
26	59	0
26	60	1
26	61	2
26	62	1
26	63	0
26	64	0
26	65	0
26	66	0
26	67	0
26	68	0
26	69	1
26	70	1
26	71	0
26	72	0
26	73	0
26	74	0
26	75	0
26	76	0
26	77	0
26	78	0
26	79	0
26	80	0
26	81	0
26	82	0
26	83	0
26	84	0
26	85	0
26	86	0
26	87	0
26	88	0
26	89	1
26	90	1
26	91	1
26	92	1
26	93	1
26	94	0
26	95	0
26	96	0
26	97	0
26	98	0
26	99	0

27	0	0
27	1	0
27	2	1
27	3	1
27	4	0
27	5	0
27	6	0
27	7	0
27	8	0
27	9	0
27	10	0
27	11	0
27	12	0
27	13	0
27	14	0
27	15	0
27	16	0
27	17	0
27	18	0
27	19	0
27	20	0
27	21	1
27	22	0
27	23	0
27	24	0
27	25	0
27	26	0
27	27	0
27	28	0
27	29	0
27	30	0
27	31	1
27	32	1
27	33	1
27	34	0
27	35	1
27	36	1
27	37	1
27	38	1
27	39	0
27	40	0
27	41	0
27	42	0
27	43	1
27	44	4
27	45	2
27	46	0
27	47	0
27	48	0
27	49	0
27	50	0
27	51	3
27	52	2
27	53	0
27	54	0
27	55	1
27	56	1
27	57	0
27	58	0
27	59	0
27	60	2
27	61	1
27	62	0
27	63	0
27	64	0
27	65	0
27	66	0
27	67	0
27	68	0
27	69	0
27	70	1
27	71	0
27	72	0
27	73	0
27	74	0
27	75	0
27	76	0
27	77	0
27	78	0
27	79	0
27	80	0
27	81	0
27	82	0
27	83	0
27	84	0
27	85	0
27	86	0
27	87	0
27	88	1
27	89	1
27	90	2
27	91	1
27	92	0
27	93	0
27	94	0
27	95	0
27	96	0
27	97	0
27	98	0
27	99	0

28	0	0
28	1	1
28	2	1
28	3	0
28	4	0
28	5	0
28	6	0
28	7	0
28	8	0
28	9	0
28	10	0
28	11	0
28	12	0
28	13	0
28	14	0
28	15	0
28	16	0
28	17	0
28	18	0
28	19	0
28	20	0
28	21	1
28	22	1
28	23	0
28	24	0
28	25	0
28	26	0
28	27	0
28	28	0
28	29	0
28	30	0
28	31	0
28	32	0
28	33	1
28	34	2
28	35	1
28	36	0
28	37	0
28	38	1
28	39	0
28	40	0
28	41	0
28	42	0
28	43	0
28	44	2
28	45	3
28	46	0
28	47	0
28	48	0
28	49	0
28	50	0
28	51	2
28	52	2
28	53	0
28	54	2
28	55	1
28	56	0
28	57	0
28	58	0
28	59	1
28	60	2
28	61	0
28	62	0
28	63	0
28	64	0
28	65	0
28	66	0
28	67	0
28	68	0
28	69	0
28	70	1
28	71	1
28	72	0
28	73	0
28	74	0
28	75	0
28	76	0
28	77	0
28	78	0
28	79	0
28	80	0
28	81	0
28	82	0
28	83	0
28	84	0
28	85	1
28	86	1
28	87	2
28	88	1
28	89	0
28	90	1
28	91	1
28	92	0
28	93	0
28	94	0
28	95	0
28	96	0
28	97	0
28	98	0
28	99	0

29	0	0
29	1	1
29	2	0
29	3	0
29	4	0
29	5	0
29	6	0
29	7	0
29	8	0
29	9	0
29	10	0
29	11	0
29	12	0
29	13	0
29	14	0
29	15	0
29	16	0
29	17	0
29	18	0
29	19	0
29	20	0
29	21	0
29	22	1
29	23	0
29	24	0
29	25	0
29	26	0
29	27	0
29	28	0
29	29	0
29	30	0
29	31	0
29	32	0
29	33	0
29	34	2
29	35	1
29	36	1
29	37	0
29	38	1
29	39	1
29	40	0
29	41	0
29	42	0
29	43	0
29	44	1
29	45	4
29	46	2
29	47	0
29	48	0
29	49	0
29	50	0
29	51	2
29	52	2
29	53	0
29	54	2
29	55	0
29	56	0
29	57	0
29	58	1
29	59	2
29	60	1
29	61	0
29	62	0
29	63	0
29	64	0
29	65	0
29	66	0
29	67	0
29	68	0
29	69	0
29	70	0
29	71	1
29	72	1
29	73	0
29	74	0
29	75	0
29	76	0
29	77	0
29	78	0
29	79	0
29	80	0
29	81	0
29	82	0
29	83	1
29	84	1
29	85	1
29	86	0
29	87	0
29	88	0
29	89	0
29	90	0
29	91	1
29	92	1
29	93	0
29	94	0
29	95	0
29	96	0
29	97	0
29	98	0
29	99	0

30	0	1
30	1	1
30	2	0
30	3	0
30	4	0
30	5	0
30	6	0
30	7	0
30	8	0
30	9	0
30	10	0
30	11	0
30	12	0
30	13	0
30	14	0
30	15	0
30	16	0
30	17	0
30	18	0
30	19	0
30	20	0
30	21	0
30	22	1
30	23	1
30	24	0
30	25	0
30	26	0
30	27	0
30	28	0
30	29	0
30	30	0
30	31	0
30	32	0
30	33	1
30	34	1
30	35	0
30	36	1
30	37	2
30	38	0
30	39	1
30	40	0
30	41	0
30	42	0
30	43	0
30	44	0
30	45	2
30	46	3
30	47	0
30	48	0
30	49	0
30	50	0
30	51	2
30	52	2
30	53	1
30	54	2
30	55	0
30	56	0
30	57	0
30	58	1
30	59	1
30	60	0
30	61	0
30	62	0
30	63	0
30	64	0
30	65	0
30	66	0
30	67	0
30	68	0
30	69	0
30	70	0
30	71	0
30	72	1
30	73	0
30	74	0
30	75	0
30	76	0
30	77	0
30	78	0
30	79	0
30	80	1
30	81	1
30	82	1
30	83	2
30	84	1
30	85	1
30	86	1
30	87	0
30	88	0
30	89	0
30	90	0
30	91	0
30	92	1
30	93	0
30	94	0
30	95	0
30	96	0
30	97	0
30	98	0
30	99	0

31	0	1
31	1	0
31	2	0
31	3	0
31	4	0
31	5	0
31	6	0
31	7	0
31	8	0
31	9	0
31	10	0
31	11	0
31	12	0
31	13	0
31	14	0
31	15	0
31	16	0
31	17	0
31	18	0
31	19	0
31	20	0
31	21	0
31	22	0
31	23	1
31	24	0
31	25	0
31	26	0
31	27	0
31	28	0
31	29	0
31	30	0
31	31	0
31	32	0
31	33	1
31	34	0
31	35	0
31	36	0
31	37	1
31	38	1
31	39	1
31	40	1
31	41	0
31	42	1
31	43	0
31	44	0
31	45	3
31	46	4
31	47	2
31	48	1
31	49	0
31	50	0
31	51	3
31	52	3
31	53	2
31	54	1
31	55	0
31	56	0
31	57	1
31	58	2
31	59	1
31	60	0
31	61	0
31	62	0
31	63	0
31	64	0
31	65	0
31	66	0
31	67	0
31	68	0
31	69	0
31	70	0
31	71	0
31	72	1
31	73	1
31	74	1
31	75	0
31	76	0
31	77	0
31	78	1
31	79	1
31	80	2
31	81	1
31	82	1
31	83	1
31	84	0
31	85	0
31	86	0
31	87	0
31	88	0
31	89	0
31	90	0
31	91	0
31	92	1
31	93	1
31	94	0
31	95	0
31	96	0
31	97	0
31	98	0
31	99	0

32	0	2
32	1	0
32	2	0
32	3	0
32	4	0
32	5	0
32	6	0
32	7	0
32	8	0
32	9	0
32	10	0
32	11	0
32	12	0
32	13	0
32	14	0
32	15	0
32	16	0
32	17	0
32	18	0
32	19	0
32	20	0
32	21	0
32	22	0
32	23	1
32	24	0
32	25	0
32	26	0
32	27	0
32	28	0
32	29	0
32	30	0
32	31	0
32	32	1
32	33	1
32	34	0
32	35	0
32	36	0
32	37	0
32	38	1
32	39	1
32	40	2
32	41	1
32	42	1
32	43	1
32	44	1
32	45	4
32	46	5
32	47	3
32	48	1
32	49	1
32	50	0
32	51	2
32	52	3
32	53	1
32	54	0
32	55	0
32	56	0
32	57	2
32	58	1
32	59	0
32	60	0
32	61	0
32	62	0
32	63	0
32	64	0
32	65	0
32	66	0
32	67	0
32	68	0
32	69	0
32	70	0
32	71	0
32	72	1
32	73	2
32	74	2
32	75	1
32	76	1
32	77	1
32	78	2
32	79	1
32	80	1
32	81	0
32	82	0
32	83	0
32	84	0
32	85	0
32	86	0
32	87	0
32	88	0
32	89	0
32	90	0
32	91	0
32	92	0
32	93	1
32	94	0
32	95	0
32	96	0
32	97	0
32	98	0
32	99	0

33	0	1
33	1	1
33	2	0
33	3	0
33	4	0
33	5	0
33	6	0
33	7	0
33	8	0
33	9	0
33	10	0
33	11	0
33	12	0
33	13	0
33	14	0
33	15	0
33	16	0
33	17	0
33	18	0
33	19	0
33	20	0
33	21	0
33	22	0
33	23	1
33	24	1
33	25	0
33	26	0
33	27	0
33	28	0
33	29	0
33	30	0
33	31	1
33	32	1
33	33	0
33	34	0
33	35	0
33	36	0
33	37	0
33	38	0
33	39	0
33	40	1
33	41	2
33	42	0
33	43	1
33	44	1
33	45	1
33	46	6
33	47	6
33	48	2
33	49	1
33	50	0
33	51	3
33	52	3
33	53	1
33	54	0
33	55	0
33	56	1
33	57	2
33	58	0
33	59	0
33	60	0
33	61	0
33	62	0
33	63	0
33	64	0
33	65	0
33	66	0
33	67	0
33	68	0
33	69	1
33	70	1
33	71	1
33	72	2
33	73	2
33	74	2
33	75	2
33	76	1
33	77	1
33	78	1
33	79	0
33	80	0
33	81	0
33	82	0
33	83	0
33	84	0
33	85	0
33	86	0
33	87	0
33	88	0
33	89	0
33	90	0
33	91	0
33	92	0
33	93	1
33	94	1
33	95	0
33	96	0
33	97	0
33	98	2
33	99	2

34	0	0
34	1	1
34	2	0
34	3	0
34	4	0
34	5	0
34	6	0
34	7	0
34	8	0
34	9	0
34	10	0
34	11	0
34	12	0
34	13	0
34	14	0
34	15	0
34	16	0
34	17	0
34	18	0
34	19	0
34	20	0
34	21	0
34	22	0
34	23	0
34	24	1
34	25	0
34	26	0
34	27	0
34	28	0
34	29	0
34	30	0
34	31	1
34	32	0
34	33	0
34	34	0
34	35	0
34	36	0
34	37	0
34	38	0
34	39	0
34	40	0
34	41	2
34	42	2
34	43	0
34	44	1
34	45	1
34	46	4
34	47	7
34	48	4
34	49	2
34	50	1
34	51	4
34	52	2
34	53	1
34	54	1
34	55	0
34	56	2
34	57	1
34	58	0
34	59	0
34	60	0
34	61	0
34	62	0
34	63	0
34	64	0
34	65	0
34	66	0
34	67	1
34	68	1
34	69	1
34	70	2
34	71	2
34	72	3
34	73	2
34	74	2
34	75	2
34	76	0
34	77	0
34	78	0
34	79	0
34	80	0
34	81	0
34	82	0
34	83	0
34	84	0
34	85	0
34	86	0
34	87	0
34	88	0
34	89	0
34	90	0
34	91	0
34	92	1
34	93	1
34	94	2
34	95	2
34	96	1
34	97	1
34	98	1
34	99	0

35	0	0
35	1	1
35	2	1
35	3	0
35	4	0
35	5	0
35	6	0
35	7	0
35	8	0
35	9	0
35	10	0
35	11	0
35	12	0
35	13	0
35	14	0
35	15	0
35	16	0
35	17	0
35	18	0
35	19	0
35	20	0
35	21	0
35	22	0
35	23	0
35	24	1
35	25	0
35	26	0
35	27	0
35	28	1
35	29	2
35	30	3
35	31	2
35	32	0
35	33	0
35	34	0
35	35	0
35	36	0
35	37	0
35	38	0
35	39	0
35	40	0
35	41	1
35	42	2
35	43	2
35	44	1
35	45	1
35	46	2
35	47	5
35	48	9
35	49	4
35	50	4
35	51	3
35	52	3
35	53	4
35	54	1
35	55	2
35	56	2
35	57	0
35	58	0
35	59	0
35	60	1
35	61	1
35	62	0
35	63	0
35	64	0
35	65	1
35	66	1
35	67	2
35	68	3
35	69	4
35	70	4
35	71	1
35	72	2
35	73	1
35	74	0
35	75	1
35	76	1
35	77	0
35	78	0
35	79	0
35	80	0
35	81	0
35	82	0
35	83	0
35	84	0
35	85	0
35	86	1
35	87	1
35	88	1
35	89	1
35	90	1
35	91	1
35	92	1
35	93	0
35	94	0
35	95	1
35	96	0
35	97	0
35	98	0
35	99	0

36	0	0
36	1	0
36	2	1
36	3	1
36	4	0
36	5	0
36	6	0
36	7	0
36	8	0
36	9	0
36	10	0
36	11	0
36	12	0
36	13	0
36	14	0
36	15	0
36	16	0
36	17	0
36	18	0
36	19	0
36	20	0
36	21	0
36	22	0
36	23	0
36	24	1
36	25	1
36	26	0
36	27	0
36	28	0
36	29	1
36	30	2
36	31	2
36	32	2
36	33	2
36	34	2
36	35	0
36	36	0
36	37	0
36	38	0
36	39	0
36	40	0
36	41	1
36	42	1
36	43	2
36	44	2
36	45	1
36	46	1
36	47	3
36	48	9
36	49	7
36	50	4
36	51	3
36	52	4
36	53	3
36	54	1
36	55	2
36	56	0
36	57	1
36	58	2
36	59	3
36	60	1
36	61	0
36	62	0
36	63	1
36	64	1
36	65	3
36	66	4
36	67	4
36	68	3
36	69	2
36	70	1
36	71	1
36	72	1
36	73	0
36	74	0
36	75	0
36	76	1
36	77	0
36	78	0
36	79	0
36	80	0
36	81	1
36	82	1
36	83	1
36	84	1
36	85	1
36	86	1
36	87	0
36	88	0
36	89	0
36	90	0
36	91	0
36	92	0
36	93	0
36	94	0
36	95	1
36	96	1
36	97	0
36	98	0
36	99	0

37	0	0
37	1	0
37	2	0
37	3	1
37	4	0
37	5	0
37	6	0
37	7	0
37	8	0
37	9	0
37	10	0
37	11	0
37	12	0
37	13	0
37	14	0
37	15	0
37	16	0
37	17	0
37	18	0
37	19	0
37	20	0
37	21	0
37	22	0
37	23	0
37	24	0
37	25	1
37	26	0
37	27	0
37	28	0
37	29	1
37	30	0
37	31	0
37	32	0
37	33	0
37	34	2
37	35	2
37	36	2
37	37	2
37	38	1
37	39	0
37	40	0
37	41	0
37	42	0
37	43	2
37	44	3
37	45	2
37	46	1
37	47	3
37	48	9
37	49	17
37	50	7
37	51	5
37	52	5
37	53	3
37	54	3
37	55	3
37	56	2
37	57	4
37	58	3
37	59	1
37	60	0
37	61	1
37	62	4
37	63	5
37	64	4
37	65	4
37	66	3
37	67	1
37	68	1
37	69	1
37	70	0
37	71	0
37	72	0
37	73	0
37	74	0
37	75	1
37	76	2
37	77	2
37	78	1
37	79	1
37	80	1
37	81	1
37	82	0
37	83	0
37	84	0
37	85	0
37	86	0
37	87	0
37	88	0
37	89	0
37	90	0
37	91	0
37	92	0
37	93	0
37	94	0
37	95	0
37	96	1
37	97	1
37	98	0
37	99	0

38	0	0
38	1	0
38	2	0
38	3	1
38	4	1
38	5	0
38	6	0
38	7	0
38	8	0
38	9	0
38	10	0
38	11	0
38	12	0
38	13	0
38	14	0
38	15	0
38	16	0
38	17	0
38	18	0
38	19	0
38	20	0
38	21	0
38	22	0
38	23	0
38	24	0
38	25	1
38	26	1
38	27	0
38	28	1
38	29	1
38	30	0
38	31	0
38	32	0
38	33	0
38	34	0
38	35	0
38	36	0
38	37	1
38	38	2
38	39	2
38	40	2
38	41	3
38	42	0
38	43	0
38	44	2
38	45	2
38	46	3
38	47	2
38	48	4
38	49	11
38	50	15
38	51	7
38	52	7
38	53	5
38	54	3
38	55	3
38	56	6
38	57	5
38	58	2
38	59	1
38	60	4
38	61	6
38	62	4
38	63	3
38	64	1
38	65	1
38	66	1
38	67	0
38	68	0
38	69	1
38	70	1
38	71	1
38	72	1
38	73	1
38	74	2
38	75	1
38	76	0
38	77	1
38	78	0
38	79	0
38	80	0
38	81	0
38	82	0
38	83	0
38	84	0
38	85	0
38	86	0
38	87	0
38	88	0
38	89	0
38	90	0
38	91	0
38	92	0
38	93	0
38	94	0
38	95	0
38	96	0
38	97	1
38	98	0
38	99	0

39	0	0
39	1	0
39	2	0
39	3	0
39	4	1
39	5	0
39	6	0
39	7	0
39	8	0
39	9	0
39	10	0
39	11	0
39	12	0
39	13	0
39	14	0
39	15	0
39	16	0
39	17	0
39	18	0
39	19	0
39	20	0
39	21	0
39	22	0
39	23	0
39	24	0
39	25	0
39	26	1
39	27	0
39	28	1
39	29	0
39	30	0
39	31	0
39	32	0
39	33	0
39	34	0
39	35	0
39	36	0
39	37	0
39	38	0
39	39	0
39	40	0
39	41	3
39	42	3
39	43	3
39	44	3
39	45	2
39	46	2
39	47	3
39	48	6
39	49	5
39	50	14
39	51	9
39	52	15
39	53	12
39	54	7
39	55	7
39	56	9
39	57	6
39	58	5
39	59	7
39	60	6
39	61	4
39	62	4
39	63	1
39	64	1
39	65	1
39	66	1
39	67	1
39	68	1
39	69	1
39	70	0
39	71	0
39	72	0
39	73	0
39	74	0
39	75	0
39	76	0
39	77	1
39	78	1
39	79	0
39	80	0
39	81	0
39	82	0
39	83	0
39	84	0
39	85	0
39	86	0
39	87	0
39	88	0
39	89	0
39	90	0
39	91	0
39	92	0
39	93	0
39	94	0
39	95	0
39	96	0
39	97	1
39	98	1
39	99	0

40	0	0
40	1	0
40	2	0
40	3	0
40	4	1
40	5	1
40	6	0
40	7	0
40	8	0
40	9	0
40	10	0
40	11	0
40	12	0
40	13	0
40	14	0
40	15	0
40	16	0
40	17	0
40	18	0
40	19	0
40	20	0
40	21	0
40	22	0
40	23	0
40	24	0
40	25	0
40	26	1
40	27	1
40	28	1
40	29	0
40	30	0
40	31	0
40	32	0
40	33	0
40	34	0
40	35	0
40	36	0
40	37	0
40	38	1
40	39	1
40	40	1
40	41	1
40	42	1
40	43	2
40	44	2
40	45	4
40	46	4
40	47	5
40	48	8
40	49	9
40	50	21
40	51	20
40	52	24
40	53	15
40	54	15
40	55	15
40	56	10
40	57	8
40	58	5
40	59	4
40	60	2
40	61	2
40	62	1
40	63	1
40	64	1
40	65	1
40	66	1
40	67	0
40	68	0
40	69	0
40	70	0
40	71	0
40	72	0
40	73	0
40	74	0
40	75	0
40	76	0
40	77	0
40	78	1
40	79	1
40	80	0
40	81	0
40	82	0
40	83	0
40	84	0
40	85	0
40	86	0
40	87	0
40	88	0
40	89	0
40	90	0
40	91	0
40	92	0
40	93	0
40	94	0
40	95	0
40	96	0
40	97	0
40	98	1
40	99	1

41	0	0
41	1	0
41	2	0
41	3	0
41	4	0
41	5	1
41	6	1
41	7	0
41	8	0
41	9	0
41	10	0
41	11	0
41	12	0
41	13	0
41	14	0
41	15	0
41	16	0
41	17	0
41	18	0
41	19	0
41	20	0
41	21	0
41	22	0
41	23	0
41	24	0
41	25	0
41	26	2
41	27	2
41	28	0
41	29	0
41	30	0
41	31	0
41	32	0
41	33	0
41	34	0
41	35	0
41	36	0
41	37	0
41	38	0
41	39	0
41	40	0
41	41	0
41	42	0
41	43	1
41	44	1
41	45	1
41	46	3
41	47	2
41	48	5
41	49	7
41	50	22
41	51	44
41	52	106
41	53	33
41	54	19
41	55	10
41	56	5
41	57	2
41	58	1
41	59	0
41	60	0
41	61	0
41	62	0
41	63	0
41	64	2
41	65	2
41	66	2
41	67	0
41	68	1
41	69	1
41	70	0
41	71	0
41	72	0
41	73	0
41	74	0
41	75	0
41	76	0
41	77	0
41	78	0
41	79	1
41	80	0
41	81	0
41	82	0
41	83	0
41	84	0
41	85	0
41	86	0
41	87	0
41	88	0
41	89	0
41	90	0
41	91	0
41	92	0
41	93	0
41	94	0
41	95	0
41	96	0
41	97	0
41	98	0
41	99	1

42	0	0
42	1	0
42	2	0
42	3	0
42	4	0
42	5	0
42	6	1
42	7	0
42	8	0
42	9	0
42	10	0
42	11	0
42	12	0
42	13	0
42	14	0
42	15	0
42	16	0
42	17	0
42	18	0
42	19	0
42	20	0
42	21	0
42	22	0
42	23	0
42	24	0
42	25	0
42	26	1
42	27	1
42	28	0
42	29	0
42	30	0
42	31	0
42	32	0
42	33	0
42	34	0
42	35	0
42	36	0
42	37	0
42	38	0
42	39	0
42	40	0
42	41	0
42	42	0
42	43	0
42	44	0
42	45	3
42	46	4
42	47	3
42	48	3
42	49	11
42	50	20
42	51	61
42	52	256
42	53	40
42	54	12
42	55	6
42	56	4
42	57	4
42	58	2
42	59	2
42	60	2
42	61	3
42	62	2
42	63	2
42	64	2
42	65	3
42	66	4
42	67	1
42	68	2
42	69	1
42	70	1
42	71	1
42	72	1
42	73	0
42	74	0
42	75	0
42	76	0
42	77	0
42	78	0
42	79	1
42	80	1
42	81	0
42	82	0
42	83	0
42	84	0
42	85	0
42	86	0
42	87	0
42	88	0
42	89	0
42	90	0
42	91	0
42	92	0
42	93	0
42	94	0
42	95	0
42	96	0
42	97	0
42	98	2
42	99	4

43	0	0
43	1	0
43	2	0
43	3	0
43	4	0
43	5	0
43	6	1
43	7	1
43	8	0
43	9	0
43	10	0
43	11	0
43	12	0
43	13	0
43	14	0
43	15	0
43	16	0
43	17	0
43	18	0
43	19	0
43	20	0
43	21	0
43	22	0
43	23	0
43	24	0
43	25	1
43	26	1
43	27	1
43	28	0
43	29	0
43	30	0
43	31	0
43	32	0
43	33	0
43	34	0
43	35	0
43	36	0
43	37	0
43	38	0
43	39	0
43	40	0
43	41	0
43	42	0
43	43	0
43	44	0
43	45	2
43	46	2
43	47	4
43	48	10
43	49	11
43	50	11
43	51	14
43	52	32
43	53	34
43	54	19
43	55	6
43	56	3
43	57	4
43	58	1
43	59	1
43	60	0
43	61	1
43	62	1
43	63	2
43	64	2
43	65	4
43	66	10
43	67	4
43	68	2
43	69	1
43	70	1
43	71	0
43	72	0
43	73	0
43	74	0
43	75	0
43	76	0
43	77	0
43	78	0
43	79	0
43	80	1
43	81	1
43	82	0
43	83	0
43	84	0
43	85	0
43	86	0
43	87	0
43	88	1
43	89	1
43	90	1
43	91	1
43	92	1
43	93	1
43	94	1
43	95	1
43	96	1
43	97	1
43	98	1
43	99	1

44	0	0
44	1	0
44	2	0
44	3	0
44	4	0
44	5	0
44	6	0
44	7	1
44	8	1
44	9	0
44	10	0
44	11	0
44	12	0
44	13	0
44	14	0
44	15	0
44	16	0
44	17	0
44	18	0
44	19	0
44	20	0
44	21	0
44	22	0
44	23	0
44	24	1
44	25	1
44	26	0
44	27	1
44	28	1
44	29	0
44	30	0
44	31	0
44	32	0
44	33	0
44	34	0
44	35	0
44	36	0
44	37	0
44	38	0
44	39	0
44	40	0
44	41	0
44	42	0
44	43	1
44	44	3
44	45	4
44	46	2
44	47	4
44	48	5
44	49	5
44	50	3
44	51	4
44	52	10
44	53	17
44	54	17
44	55	12
44	56	2
44	57	3
44	58	3
44	59	1
44	60	1
44	61	1
44	62	0
44	63	2
44	64	2
44	65	7
44	66	18
44	67	5
44	68	1
44	69	1
44	70	2
44	71	1
44	72	1
44	73	1
44	74	1
44	75	1
44	76	1
44	77	1
44	78	1
44	79	3
44	80	2
44	81	2
44	82	1
44	83	1
44	84	1
44	85	1
44	86	1
44	87	1
44	88	1
44	89	0
44	90	0
44	91	0
44	92	0
44	93	0
44	94	0
44	95	0
44	96	0
44	97	0
44	98	1
44	99	1

45	0	0
45	1	0
45	2	0
45	3	0
45	4	0
45	5	0
45	6	0
45	7	0
45	8	1
45	9	0
45	10	0
45	11	0
45	12	0
45	13	0
45	14	0
45	15	0
45	16	0
45	17	0
45	18	0
45	19	0
45	20	0
45	21	0
45	22	0
45	23	0
45	24	1
45	25	0
45	26	0
45	27	0
45	28	1
45	29	0
45	30	0
45	31	0
45	32	0
45	33	0
45	34	0
45	35	0
45	36	0
45	37	0
45	38	0
45	39	0
45	40	0
45	41	0
45	42	0
45	43	2
45	44	3
45	45	2
45	46	2
45	47	3
45	48	3
45	49	3
45	50	1
45	51	3
45	52	2
45	53	12
45	54	7
45	55	14
45	56	10
45	57	3
45	58	0
45	59	0
45	60	0
45	61	1
45	62	2
45	63	2
45	64	2
45	65	3
45	66	5
45	67	2
45	68	0
45	69	1
45	70	1
45	71	1
45	72	1
45	73	1
45	74	1
45	75	1
45	76	1
45	77	1
45	78	1
45	79	1
45	80	1
45	81	2
45	82	2
45	83	1
45	84	1
45	85	1
45	86	1
45	87	1
45	88	1
45	89	1
45	90	0
45	91	0
45	92	0
45	93	0
45	94	0
45	95	0
45	96	0
45	97	1
45	98	1
45	99	0

46	0	0
46	1	0
46	2	0
46	3	0
46	4	0
46	5	0
46	6	0
46	7	0
46	8	1
46	9	1
46	10	0
46	11	0
46	12	0
46	13	0
46	14	0
46	15	0
46	16	0
46	17	0
46	18	0
46	19	0
46	20	0
46	21	0
46	22	0
46	23	1
46	24	1
46	25	0
46	26	0
46	27	0
46	28	1
46	29	1
46	30	0
46	31	0
46	32	0
46	33	0
46	34	0
46	35	0
46	36	0
46	37	0
46	38	0
46	39	0
46	40	0
46	41	1
46	42	1
46	43	2
46	44	3
46	45	3
46	46	3
46	47	1
46	48	2
46	49	2
46	50	4
46	51	2
46	52	0
46	53	7
46	54	5
46	55	3
46	56	6
46	57	7
46	58	1
46	59	0
46	60	0
46	61	0
46	62	0
46	63	0
46	64	1
46	65	1
46	66	2
46	67	3
46	68	2
46	69	1
46	70	0
46	71	0
46	72	0
46	73	0
46	74	0
46	75	0
46	76	0
46	77	0
46	78	0
46	79	0
46	80	0
46	81	0
46	82	1
46	83	0
46	84	0
46	85	0
46	86	0
46	87	0
46	88	0
46	89	1
46	90	1
46	91	1
46	92	1
46	93	1
46	94	1
46	95	1
46	96	1
46	97	2
46	98	1
46	99	0

47	0	0
47	1	0
47	2	0
47	3	0
47	4	0
47	5	0
47	6	0
47	7	0
47	8	0
47	9	1
47	10	1
47	11	0
47	12	0
47	13	0
47	14	0
47	15	0
47	16	0
47	17	0
47	18	0
47	19	0
47	20	0
47	21	0
47	22	1
47	23	1
47	24	0
47	25	0
47	26	0
47	27	0
47	28	0
47	29	1
47	30	0
47	31	0
47	32	0
47	33	0
47	34	0
47	35	0
47	36	0
47	37	0
47	38	0
47	39	1
47	40	1
47	41	1
47	42	2
47	43	3
47	44	2
47	45	1
47	46	1
47	47	1
47	48	1
47	49	0
47	50	3
47	51	0
47	52	0
47	53	4
47	54	6
47	55	3
47	56	2
47	57	6
47	58	6
47	59	4
47	60	0
47	61	0
47	62	0
47	63	0
47	64	0
47	65	0
47	66	0
47	67	1
47	68	1
47	69	1
47	70	1
47	71	1
47	72	0
47	73	0
47	74	0
47	75	0
47	76	0
47	77	0
47	78	0
47	79	0
47	80	0
47	81	0
47	82	1
47	83	1
47	84	0
47	85	0
47	86	0
47	87	0
47	88	0
47	89	0
47	90	0
47	91	1
47	92	1
47	93	1
47	94	1
47	95	1
47	96	2
47	97	2
47	98	2
47	99	2

48	0	0
48	1	0
48	2	0
48	3	0
48	4	0
48	5	0
48	6	0
48	7	0
48	8	0
48	9	0
48	10	1
48	11	0
48	12	0
48	13	0
48	14	0
48	15	0
48	16	0
48	17	0
48	18	0
48	19	0
48	20	0
48	21	0
48	22	1
48	23	0
48	24	0
48	25	0
48	26	0
48	27	0
48	28	0
48	29	1
48	30	0
48	31	0
48	32	0
48	33	0
48	34	0
48	35	0
48	36	0
48	37	1
48	38	1
48	39	1
48	40	0
48	41	2
48	42	3
48	43	1
48	44	1
48	45	1
48	46	1
48	47	1
48	48	0
48	49	0
48	50	4
48	51	1
48	52	0
48	53	1
48	54	7
48	55	4
48	56	2
48	57	2
48	58	3
48	59	5
48	60	2
48	61	1
48	62	0
48	63	1
48	64	1
48	65	0
48	66	0
48	67	0
48	68	0
48	69	0
48	70	0
48	71	1
48	72	1
48	73	0
48	74	0
48	75	0
48	76	0
48	77	0
48	78	0
48	79	0
48	80	0
48	81	0
48	82	1
48	83	2
48	84	2
48	85	1
48	86	1
48	87	1
48	88	1
48	89	1
48	90	1
48	91	1
48	92	0
48	93	0
48	94	0
48	95	1
48	96	1
48	97	0
48	98	0
48	99	0

49	0	0
49	1	0
49	2	0
49	3	0
49	4	0
49	5	0
49	6	0
49	7	0
49	8	0
49	9	0
49	10	1
49	11	1
49	12	0
49	13	0
49	14	0
49	15	0
49	16	0
49	17	0
49	18	0
49	19	0
49	20	0
49	21	1
49	22	1
49	23	0
49	24	0
49	25	0
49	26	0
49	27	0
49	28	0
49	29	1
49	30	1
49	31	0
49	32	0
49	33	0
49	34	0
49	35	0
49	36	0
49	37	1
49	38	0
49	39	1
49	40	2
49	41	3
49	42	1
49	43	1
49	44	1
49	45	1
49	46	1
49	47	0
49	48	0
49	49	1
49	50	2
49	51	1
49	52	0
49	53	0
49	54	3
49	55	4
49	56	2
49	57	0
49	58	2
49	59	2
49	60	2
49	61	2
49	62	2
49	63	1
49	64	0
49	65	0
49	66	0
49	67	0
49	68	0
49	69	0
49	70	0
49	71	0
49	72	0
49	73	1
49	74	1
49	75	1
49	76	1
49	77	1
49	78	1
49	79	1
49	80	1
49	81	1
49	82	1
49	83	0
49	84	1
49	85	0
49	86	0
49	87	0
49	88	0
49	89	0
49	90	0
49	91	0
49	92	0
49	93	0
49	94	0
49	95	1
49	96	0
49	97	0
49	98	0
49	99	0

50	0	0
50	1	0
50	2	0
50	3	0
50	4	0
50	5	0
50	6	0
50	7	0
50	8	0
50	9	0
50	10	0
50	11	1
50	12	0
50	13	0
50	14	0
50	15	0
50	16	0
50	17	0
50	18	0
50	19	0
50	20	0
50	21	1
50	22	0
50	23	0
50	24	0
50	25	0
50	26	0
50	27	0
50	28	0
50	29	0
50	30	1
50	31	0
50	32	0
50	33	0
50	34	0
50	35	0
50	36	0
50	37	0
50	38	2
50	39	3
50	40	2
50	41	1
50	42	1
50	43	1
50	44	1
50	45	1
50	46	0
50	47	0
50	48	0
50	49	2
50	50	1
50	51	1
50	52	1
50	53	0
50	54	2
50	55	2
50	56	2
50	57	1
50	58	1
50	59	2
50	60	2
50	61	3
50	62	3
50	63	2
50	64	1
50	65	1
50	66	1
50	67	1
50	68	1
50	69	1
50	70	1
50	71	1
50	72	1
50	73	1
50	74	0
50	75	0
50	76	0
50	77	0
50	78	0
50	79	0
50	80	0
50	81	0
50	82	0
50	83	0
50	84	1
50	85	1
50	86	0
50	87	0
50	88	0
50	89	0
50	90	0
50	91	0
50	92	0
50	93	0
50	94	1
50	95	1
50	96	0
50	97	0
50	98	0
50	99	0

51	0	0
51	1	0
51	2	0
51	3	0
51	4	0
51	5	0
51	6	0
51	7	0
51	8	0
51	9	0
51	10	0
51	11	1
51	12	1
51	13	0
51	14	0
51	15	0
51	16	0
51	17	0
51	18	0
51	19	0
51	20	1
51	21	1
51	22	0
51	23	0
51	24	0
51	25	0
51	26	0
51	27	0
51	28	0
51	29	0
51	30	1
51	31	0
51	32	0
51	33	0
51	34	0
51	35	0
51	36	0
51	37	2
51	38	2
51	39	0
51	40	1
51	41	1
51	42	1
51	43	0
51	44	1
51	45	0
51	46	0
51	47	0
51	48	0
51	49	2
51	50	0
51	51	0
51	52	1
51	53	1
51	54	3
51	55	4
51	56	2
51	57	2
51	58	2
51	59	2
51	60	3
51	61	3
51	62	3
51	63	3
51	64	1
51	65	0
51	66	0
51	67	0
51	68	0
51	69	0
51	70	0
51	71	0
51	72	0
51	73	0
51	74	0
51	75	0
51	76	0
51	77	0
51	78	0
51	79	0
51	80	0
51	81	0
51	82	0
51	83	0
51	84	0
51	85	1
51	86	1
51	87	0
51	88	0
51	89	0
51	90	0
51	91	0
51	92	0
51	93	0
51	94	1
51	95	0
51	96	0
51	97	0
51	98	0
51	99	0

52	0	0
52	1	0
52	2	0
52	3	0
52	4	0
52	5	0
52	6	0
52	7	0
52	8	0
52	9	0
52	10	0
52	11	0
52	12	1
52	13	1
52	14	0
52	15	0
52	16	0
52	17	0
52	18	0
52	19	1
52	20	1
52	21	0
52	22	1
52	23	1
52	24	0
52	25	0
52	26	0
52	27	0
52	28	0
52	29	0
52	30	1
52	31	1
52	32	0
52	33	0
52	34	0
52	35	0
52	36	1
52	37	1
52	38	0
52	39	1
52	40	2
52	41	1
52	42	0
52	43	1
52	44	1
52	45	2
52	46	1
52	47	1
52	48	2
52	49	3
52	50	1
52	51	1
52	52	1
52	53	2
52	54	3
52	55	3
52	56	1
52	57	0
52	58	1
52	59	1
52	60	2
52	61	1
52	62	1
52	63	2
52	64	3
52	65	1
52	66	1
52	67	0
52	68	0
52	69	0
52	70	0
52	71	0
52	72	0
52	73	0
52	74	0
52	75	0
52	76	0
52	77	0
52	78	0
52	79	0
52	80	0
52	81	0
52	82	0
52	83	0
52	84	0
52	85	0
52	86	1
52	87	0
52	88	0
52	89	0
52	90	0
52	91	0
52	92	0
52	93	1
52	94	1
52	95	0
52	96	0
52	97	0
52	98	0
52	99	0

53	0	0
53	1	0
53	2	0
53	3	0
53	4	0
53	5	0
53	6	0
53	7	0
53	8	0
53	9	0
53	10	0
53	11	0
53	12	0
53	13	1
53	14	0
53	15	0
53	16	0
53	17	0
53	18	0
53	19	1
53	20	0
53	21	0
53	22	0
53	23	1
53	24	1
53	25	1
53	26	0
53	27	0
53	28	0
53	29	0
53	30	0
53	31	1
53	32	0
53	33	0
53	34	1
53	35	2
53	36	2
53	37	1
53	38	2
53	39	3
53	40	2
53	41	1
53	42	2
53	43	2
53	44	1
53	45	1
53	46	0
53	47	0
53	48	2
53	49	1
53	50	0
53	51	0
53	52	0
53	53	1
53	54	1
53	55	2
53	56	1
53	57	0
53	58	2
53	59	2
53	60	0
53	61	1
53	62	1
53	63	0
53	64	2
53	65	2
53	66	1
53	67	1
53	68	0
53	69	0
53	70	0
53	71	0
53	72	0
53	73	0
53	74	0
53	75	0
53	76	0
53	77	0
53	78	0
53	79	0
53	80	0
53	81	0
53	82	0
53	83	0
53	84	0
53	85	0
53	86	1
53	87	1
53	88	0
53	89	0
53	90	0
53	91	0
53	92	1
53	93	1
53	94	0
53	95	0
53	96	0
53	97	0
53	98	0
53	99	0

54	0	0
54	1	0
54	2	0
54	3	0
54	4	0
54	5	0
54	6	0
54	7	0
54	8	0
54	9	0
54	10	0
54	11	0
54	12	0
54	13	1
54	14	1
54	15	0
54	16	0
54	17	0
54	18	1
54	19	1
54	20	0
54	21	0
54	22	0
54	23	0
54	24	0
54	25	1
54	26	2
54	27	2
54	28	1
54	29	1
54	30	1
54	31	2
54	32	1
54	33	2
54	34	2
54	35	1
54	36	0
54	37	0
54	38	2
54	39	1
54	40	0
54	41	1
54	42	1
54	43	0
54	44	0
54	45	0
54	46	0
54	47	0
54	48	2
54	49	0
54	50	0
54	51	0
54	52	0
54	53	0
54	54	1
54	55	3
54	56	2
54	57	2
54	58	1
54	59	1
54	60	0
54	61	0
54	62	1
54	63	1
54	64	0
54	65	2
54	66	1
54	67	2
54	68	1
54	69	0
54	70	0
54	71	0
54	72	0
54	73	0
54	74	0
54	75	0
54	76	0
54	77	0
54	78	0
54	79	0
54	80	0
54	81	0
54	82	0
54	83	0
54	84	0
54	85	0
54	86	0
54	87	1
54	88	1
54	89	0
54	90	0
54	91	0
54	92	1
54	93	0
54	94	0
54	95	0
54	96	0
54	97	0
54	98	0
54	99	0

55	0	0
55	1	0
55	2	0
55	3	0
55	4	0
55	5	0
55	6	0
55	7	0
55	8	0
55	9	0
55	10	0
55	11	0
55	12	0
55	13	0
55	14	1
55	15	1
55	16	0
55	17	2
55	18	2
55	19	1
55	20	1
55	21	1
55	22	1
55	23	1
55	24	1
55	25	1
55	26	1
55	27	1
55	28	1
55	29	0
55	30	0
55	31	2
55	32	2
55	33	1
55	34	0
55	35	0
55	36	0
55	37	2
55	38	2
55	39	0
55	40	1
55	41	1
55	42	0
55	43	0
55	44	0
55	45	0
55	46	0
55	47	0
55	48	2
55	49	0
55	50	0
55	51	0
55	52	0
55	53	0
55	54	0
55	55	2
55	56	2
55	57	2
55	58	0
55	59	1
55	60	1
55	61	0
55	62	0
55	63	1
55	64	1
55	65	0
55	66	0
55	67	1
55	68	2
55	69	1
55	70	1
55	71	0
55	72	0
55	73	0
55	74	0
55	75	0
55	76	0
55	77	0
55	78	0
55	79	0
55	80	0
55	81	0
55	82	0
55	83	0
55	84	0
55	85	0
55	86	0
55	87	0
55	88	1
55	89	0
55	90	0
55	91	1
55	92	1
55	93	0
55	94	0
55	95	0
55	96	0
55	97	0
55	98	0
55	99	0

56	0	0
56	1	0
56	2	0
56	3	0
56	4	0
56	5	0
56	6	0
56	7	1
56	8	1
56	9	1
56	10	1
56	11	1
56	12	1
56	13	1
56	14	1
56	15	2
56	16	1
56	17	2
56	18	0
56	19	0
56	20	0
56	21	0
56	22	0
56	23	0
56	24	0
56	25	0
56	26	0
56	27	0
56	28	1
56	29	1
56	30	2
56	31	1
56	32	1
56	33	0
56	34	0
56	35	0
56	36	1
56	37	2
56	38	0
56	39	0
56	40	1
56	41	0
56	42	0
56	43	0
56	44	0
56	45	0
56	46	0
56	47	1
56	48	1
56	49	0
56	50	0
56	51	0
56	52	0
56	53	0
56	54	0
56	55	3
56	56	4
56	57	0
56	58	0
56	59	0
56	60	2
56	61	0
56	62	0
56	63	0
56	64	1
56	65	1
56	66	0
56	67	0
56	68	1
56	69	1
56	70	1
56	71	1
56	72	0
56	73	0
56	74	0
56	75	0
56	76	0
56	77	0
56	78	0
56	79	0
56	80	0
56	81	0
56	82	0
56	83	0
56	84	0
56	85	0
56	86	0
56	87	0
56	88	1
56	89	1
56	90	1
56	91	1
56	92	0
56	93	0
56	94	0
56	95	0
56	96	0
56	97	0
56	98	0
56	99	0

57	0	2
57	1	2
57	2	1
57	3	1
57	4	1
57	5	1
57	6	1
57	7	1
57	8	0
57	9	0
57	10	0
57	11	0
57	12	0
57	13	0
57	14	0
57	15	1
57	16	2
57	17	1
57	18	0
57	19	0
57	20	0
57	21	0
57	22	0
57	23	0
57	24	0
57	25	0
57	26	0
57	27	0
57	28	1
57	29	1
57	30	2
57	31	1
57	32	2
57	33	1
57	34	0
57	35	1
57	36	2
57	37	1
57	38	0
57	39	1
57	40	1
57	41	0
57	42	0
57	43	0
57	44	0
57	45	0
57	46	0
57	47	1
57	48	0
57	49	0
57	50	0
57	51	0
57	52	0
57	53	0
57	54	1
57	55	1
57	56	3
57	57	1
57	58	0
57	59	0
57	60	1
57	61	1
57	62	0
57	63	0
57	64	0
57	65	1
57	66	1
57	67	0
57	68	0
57	69	1
57	70	1
57	71	1
57	72	1
57	73	0
57	74	0
57	75	0
57	76	0
57	77	0
57	78	0
57	79	0
57	80	0
57	81	0
57	82	0
57	83	0
57	84	0
57	85	0
57	86	0
57	87	0
57	88	0
57	89	1
57	90	1
57	91	0
57	92	0
57	93	0
57	94	0
57	95	0
57	96	0
57	97	0
57	98	0
57	99	0

58	0	0
58	1	1
58	2	1
58	3	1
58	4	1
58	5	1
58	6	1
58	7	1
58	8	1
58	9	1
58	10	1
58	11	0
58	12	0
58	13	0
58	14	0
58	15	0
58	16	2
58	17	0
58	18	0
58	19	0
58	20	0
58	21	0
58	22	0
58	23	0
58	24	0
58	25	0
58	26	0
58	27	1
58	28	1
58	29	0
58	30	0
58	31	0
58	32	1
58	33	2
58	34	2
58	35	2
58	36	1
58	37	0
58	38	1
58	39	1
58	40	0
58	41	0
58	42	0
58	43	0
58	44	0
58	45	0
58	46	0
58	47	1
58	48	0
58	49	0
58	50	0
58	51	0
58	52	0
58	53	1
58	54	1
58	55	0
58	56	2
58	57	3
58	58	0
58	59	0
58	60	0
58	61	1
58	62	1
58	63	0
58	64	0
58	65	0
58	66	1
58	67	0
58	68	0
58	69	0
58	70	1
58	71	1
58	72	1
58	73	1
58	74	0
58	75	0
58	76	0
58	77	0
58	78	0
58	79	0
58	80	0
58	81	0
58	82	0
58	83	0
58	84	0
58	85	0
58	86	0
58	87	0
58	88	0
58	89	2
58	90	2
58	91	0
58	92	0
58	93	0
58	94	0
58	95	0
58	96	0
58	97	0
58	98	0
58	99	0

59	0	0
59	1	0
59	2	0
59	3	0
59	4	0
59	5	0
59	6	0
59	7	0
59	8	0
59	9	0
59	10	1
59	11	1
59	12	1
59	13	1
59	14	1
59	15	2
59	16	3
59	17	2
59	18	1
59	19	1
59	20	1
59	21	0
59	22	0
59	23	0
59	24	0
59	25	1
59	26	1
59	27	1
59	28	0
59	29	0
59	30	0
59	31	0
59	32	0
59	33	2
59	34	2
59	35	2
59	36	0
59	37	1
59	38	1
59	39	0
59	40	0
59	41	0
59	42	0
59	43	0
59	44	0
59	45	0
59	46	1
59	47	1
59	48	0
59	49	0
59	50	0
59	51	0
59	52	1
59	53	1
59	54	0
59	55	0
59	56	1
59	57	2
59	58	1
59	59	0
59	60	0
59	61	0
59	62	1
59	63	0
59	64	0
59	65	0
59	66	1
59	67	1
59	68	0
59	69	0
59	70	0
59	71	1
59	72	1
59	73	1
59	74	1
59	75	1
59	76	0
59	77	0
59	78	0
59	79	0
59	80	0
59	81	0
59	82	0
59	83	0
59	84	0
59	85	0
59	86	0
59	87	0
59	88	1
59	89	1
59	90	1
59	91	1
59	92	0
59	93	0
59	94	0
59	95	0
59	96	0
59	97	0
59	98	0
59	99	0

60	0	0
60	1	0
60	2	0
60	3	0
60	4	0
60	5	0
60	6	0
60	7	0
60	8	0
60	9	0
60	10	0
60	11	0
60	12	0
60	13	0
60	14	1
60	15	1
60	16	0
60	17	1
60	18	1
60	19	0
60	20	1
60	21	1
60	22	1
60	23	1
60	24	1
60	25	2
60	26	1
60	27	1
60	28	1
60	29	1
60	30	0
60	31	0
60	32	1
60	33	2
60	34	2
60	35	2
60	36	2
60	37	2
60	38	0
60	39	0
60	40	0
60	41	0
60	42	0
60	43	0
60	44	0
60	45	0
60	46	1
60	47	0
60	48	0
60	49	0
60	50	0
60	51	1
60	52	1
60	53	0
60	54	0
60	55	0
60	56	1
60	57	2
60	58	1
60	59	0
60	60	0
60	61	0
60	62	1
60	63	1
60	64	0
60	65	0
60	66	0
60	67	1
60	68	1
60	69	0
60	70	0
60	71	0
60	72	1
60	73	1
60	74	1
60	75	1
60	76	1
60	77	0
60	78	0
60	79	0
60	80	0
60	81	0
60	82	0
60	83	0
60	84	0
60	85	0
60	86	0
60	87	0
60	88	1
60	89	0
60	90	0
60	91	1
60	92	0
60	93	0
60	94	0
60	95	0
60	96	0
60	97	0
60	98	0
60	99	0

61	0	0
61	1	0
61	2	0
61	3	0
61	4	0
61	5	0
61	6	0
61	7	0
61	8	0
61	9	0
61	10	0
61	11	0
61	12	0
61	13	0
61	14	1
61	15	0
61	16	0
61	17	0
61	18	1
61	19	0
61	20	0
61	21	0
61	22	0
61	23	0
61	24	0
61	25	0
61	26	0
61	27	0
61	28	0
61	29	1
61	30	2
61	31	2
61	32	2
61	33	2
61	34	3
61	35	2
61	36	2
61	37	2
61	38	2
61	39	1
61	40	0
61	41	0
61	42	0
61	43	0
61	44	0
61	45	0
61	46	1
61	47	0
61	48	0
61	49	0
61	50	1
61	51	1
61	52	0
61	53	0
61	54	0
61	55	0
61	56	0
61	57	2
61	58	2
61	59	1
61	60	0
61	61	0
61	62	0
61	63	1
61	64	0
61	65	0
61	66	0
61	67	0
61	68	1
61	69	1
61	70	0
61	71	0
61	72	0
61	73	0
61	74	1
61	75	1
61	76	1
61	77	1
61	78	0
61	79	0
61	80	0
61	81	0
61	82	0
61	83	0
61	84	0
61	85	0
61	86	0
61	87	1
61	88	1
61	89	0
61	90	0
61	91	1
61	92	1
61	93	0
61	94	0
61	95	0
61	96	0
61	97	0
61	98	0
61	99	0

62	0	0
62	1	0
62	2	0
62	3	0
62	4	0
62	5	0
62	6	0
62	7	0
62	8	0
62	9	0
62	10	0
62	11	0
62	12	0
62	13	1
62	14	1
62	15	0
62	16	0
62	17	0
62	18	1
62	19	1
62	20	0
62	21	0
62	22	0
62	23	0
62	24	0
62	25	1
62	26	0
62	27	0
62	28	0
62	29	1
62	30	1
62	31	0
62	32	0
62	33	1
62	34	1
62	35	1
62	36	0
62	37	0
62	38	1
62	39	2
62	40	2
62	41	2
62	42	1
62	43	1
62	44	1
62	45	2
62	46	2
62	47	1
62	48	1
62	49	1
62	50	1
62	51	0
62	52	0
62	53	0
62	54	0
62	55	0
62	56	0
62	57	1
62	58	1
62	59	1
62	60	1
62	61	0
62	62	0
62	63	1
62	64	1
62	65	0
62	66	0
62	67	0
62	68	0
62	69	1
62	70	1
62	71	0
62	72	0
62	73	0
62	74	0
62	75	1
62	76	1
62	77	1
62	78	1
62	79	1
62	80	0
62	81	0
62	82	0
62	83	0
62	84	0
62	85	0
62	86	0
62	87	1
62	88	0
62	89	0
62	90	0
62	91	0
62	92	1
62	93	1
62	94	0
62	95	0
62	96	0
62	97	0
62	98	0
62	99	0

63	0	0
63	1	0
63	2	0
63	3	0
63	4	0
63	5	0
63	6	0
63	7	0
63	8	0
63	9	0
63	10	0
63	11	0
63	12	1
63	13	1
63	14	0
63	15	0
63	16	0
63	17	0
63	18	0
63	19	1
63	20	1
63	21	0
63	22	0
63	23	0
63	24	0
63	25	1
63	26	1
63	27	0
63	28	1
63	29	1
63	30	0
63	31	0
63	32	1
63	33	1
63	34	2
63	35	2
63	36	0
63	37	0
63	38	0
63	39	0
63	40	0
63	41	1
63	42	1
63	43	0
63	44	0
63	45	1
63	46	0
63	47	1
63	48	2
63	49	2
63	50	1
63	51	1
63	52	1
63	53	1
63	54	1
63	55	1
63	56	1
63	57	2
63	58	1
63	59	0
63	60	1
63	61	0
63	62	0
63	63	0
63	64	1
63	65	1
63	66	0
63	67	0
63	68	0
63	69	0
63	70	1
63	71	1
63	72	0
63	73	0
63	74	0
63	75	0
63	76	1
63	77	1
63	78	0
63	79	1
63	80	1
63	81	0
63	82	0
63	83	0
63	84	0
63	85	0
63	86	1
63	87	1
63	88	0
63	89	0
63	90	0
63	91	0
63	92	0
63	93	1
63	94	0
63	95	0
63	96	0
63	97	0
63	98	0
63	99	0

64	0	0
64	1	0
64	2	0
64	3	0
64	4	0
64	5	0
64	6	0
64	7	0
64	8	0
64	9	0
64	10	0
64	11	0
64	12	1
64	13	0
64	14	0
64	15	0
64	16	0
64	17	0
64	18	0
64	19	0
64	20	1
64	21	0
64	22	0
64	23	0
64	24	0
64	25	0
64	26	1
64	27	1
64	28	1
64	29	0
64	30	0
64	31	0
64	32	1
64	33	1
64	34	1
64	35	2
64	36	0
64	37	0
64	38	0
64	39	0
64	40	0
64	41	0
64	42	1
64	43	1
64	44	1
64	45	1
64	46	1
64	47	1
64	48	0
64	49	0
64	50	0
64	51	0
64	52	0
64	53	0
64	54	0
64	55	0
64	56	0
64	57	2
64	58	3
64	59	2
64	60	2
64	61	2
64	62	1
64	63	1
64	64	1
64	65	2
64	66	1
64	67	0
64	68	0
64	69	0
64	70	0
64	71	1
64	72	1
64	73	0
64	74	0
64	75	0
64	76	0
64	77	1
64	78	1
64	79	0
64	80	1
64	81	1
64	82	0
64	83	0
64	84	0
64	85	1
64	86	1
64	87	0
64	88	0
64	89	0
64	90	0
64	91	0
64	92	0
64	93	1
64	94	1
64	95	0
64	96	0
64	97	0
64	98	0
64	99	0

65	0	0
65	1	0
65	2	0
65	3	0
65	4	0
65	5	0
65	6	0
65	7	0
65	8	0
65	9	0
65	10	0
65	11	1
65	12	1
65	13	0
65	14	0
65	15	0
65	16	0
65	17	0
65	18	0
65	19	0
65	20	1
65	21	1
65	22	0
65	23	0
65	24	0
65	25	0
65	26	2
65	27	2
65	28	0
65	29	0
65	30	0
65	31	1
65	32	2
65	33	1
65	34	0
65	35	1
65	36	1
65	37	0
65	38	0
65	39	0
65	40	0
65	41	0
65	42	0
65	43	0
65	44	2
65	45	3
65	46	2
65	47	0
65	48	0
65	49	0
65	50	0
65	51	0
65	52	0
65	53	0
65	54	0
65	55	0
65	56	0
65	57	0
65	58	1
65	59	1
65	60	0
65	61	1
65	62	1
65	63	0
65	64	0
65	65	1
65	66	2
65	67	1
65	68	1
65	69	1
65	70	1
65	71	0
65	72	1
65	73	1
65	74	0
65	75	0
65	76	0
65	77	0
65	78	1
65	79	1
65	80	0
65	81	1
65	82	1
65	83	0
65	84	0
65	85	1
65	86	0
65	87	0
65	88	0
65	89	0
65	90	0
65	91	0
65	92	0
65	93	0
65	94	1
65	95	1
65	96	0
65	97	0
65	98	0
65	99	0

66	0	0
66	1	0
66	2	0
66	3	0
66	4	0
66	5	0
66	6	0
66	7	0
66	8	0
66	9	0
66	10	1
66	11	1
66	12	0
66	13	0
66	14	0
66	15	0
66	16	0
66	17	0
66	18	0
66	19	0
66	20	0
66	21	1
66	22	1
66	23	0
66	24	0
66	25	1
66	26	1
66	27	1
66	28	0
66	29	0
66	30	1
66	31	2
66	32	1
66	33	0
66	34	0
66	35	0
66	36	1
66	37	0
66	38	0
66	39	0
66	40	0
66	41	0
66	42	0
66	43	0
66	44	2
66	45	1
66	46	1
66	47	1
66	48	1
66	49	0
66	50	0
66	51	0
66	52	1
66	53	0
66	54	0
66	55	0
66	56	0
66	57	0
66	58	0
66	59	1
66	60	0
66	61	0
66	62	1
66	63	0
66	64	0
66	65	0
66	66	1
66	67	0
66	68	0
66	69	0
66	70	0
66	71	0
66	72	0
66	73	1
66	74	1
66	75	0
66	76	0
66	77	0
66	78	0
66	79	1
66	80	1
66	81	0
66	82	1
66	83	1
66	84	2
66	85	1
66	86	0
66	87	0
66	88	0
66	89	0
66	90	0
66	91	0
66	92	0
66	93	0
66	94	0
66	95	1
66	96	0
66	97	0
66	98	0
66	99	0

67	0	0
67	1	0
67	2	0
67	3	0
67	4	0
67	5	0
67	6	0
67	7	0
67	8	0
67	9	0
67	10	1
67	11	0
67	12	0
67	13	0
67	14	0
67	15	0
67	16	0
67	17	0
67	18	0
67	19	0
67	20	0
67	21	0
67	22	1
67	23	0
67	24	1
67	25	1
67	26	0
67	27	1
67	28	1
67	29	0
67	30	2
67	31	1
67	32	0
67	33	0
67	34	0
67	35	0
67	36	1
67	37	0
67	38	0
67	39	0
67	40	0
67	41	0
67	42	0
67	43	1
67	44	2
67	45	0
67	46	0
67	47	0
67	48	1
67	49	1
67	50	0
67	51	0
67	52	1
67	53	1
67	54	1
67	55	1
67	56	1
67	57	1
67	58	1
67	59	2
67	60	2
67	61	0
67	62	1
67	63	1
67	64	0
67	65	0
67	66	1
67	67	1
67	68	0
67	69	0
67	70	0
67	71	0
67	72	0
67	73	0
67	74	1
67	75	0
67	76	0
67	77	0
67	78	0
67	79	0
67	80	1
67	81	1
67	82	1
67	83	1
67	84	2
67	85	1
67	86	0
67	87	0
67	88	0
67	89	0
67	90	0
67	91	0
67	92	0
67	93	0
67	94	0
67	95	1
67	96	1
67	97	0
67	98	0
67	99	0

68	0	0
68	1	0
68	2	0
68	3	0
68	4	0
68	5	0
68	6	0
68	7	0
68	8	0
68	9	1
68	10	1
68	11	0
68	12	0
68	13	0
68	14	0
68	15	0
68	16	0
68	17	0
68	18	0
68	19	0
68	20	0
68	21	0
68	22	1
68	23	2
68	24	1
68	25	0
68	26	0
68	27	0
68	28	1
68	29	1
68	30	3
68	31	0
68	32	0
68	33	0
68	34	0
68	35	0
68	36	1
68	37	1
68	38	0
68	39	0
68	40	0
68	41	0
68	42	1
68	43	1
68	44	1
68	45	0
68	46	0
68	47	0
68	48	0
68	49	1
68	50	1
68	51	1
68	52	0
68	53	0
68	54	0
68	55	0
68	56	0
68	57	0
68	58	0
68	59	0
68	60	2
68	61	1
68	62	1
68	63	2
68	64	1
68	65	1
68	66	1
68	67	2
68	68	1
68	69	0
68	70	0
68	71	0
68	72	0
68	73	0
68	74	1
68	75	1
68	76	0
68	77	0
68	78	0
68	79	0
68	80	0
68	81	0
68	82	1
68	83	2
68	84	0
68	85	1
68	86	1
68	87	0
68	88	0
68	89	0
68	90	0
68	91	0
68	92	0
68	93	0
68	94	0
68	95	0
68	96	1
68	97	0
68	98	0
68	99	0

69	0	0
69	1	0
69	2	0
69	3	0
69	4	0
69	5	0
69	6	0
69	7	0
69	8	0
69	9	1
69	10	0
69	11	0
69	12	0
69	13	0
69	14	0
69	15	0
69	16	0
69	17	0
69	18	0
69	19	0
69	20	0
69	21	0
69	22	1
69	23	2
69	24	0
69	25	0
69	26	0
69	27	0
69	28	2
69	29	3
69	30	1
69	31	0
69	32	0
69	33	0
69	34	0
69	35	0
69	36	0
69	37	1
69	38	0
69	39	0
69	40	0
69	41	1
69	42	1
69	43	1
69	44	1
69	45	0
69	46	0
69	47	0
69	48	0
69	49	0
69	50	0
69	51	1
69	52	1
69	53	1
69	54	0
69	55	0
69	56	0
69	57	0
69	58	0
69	59	0
69	60	1
69	61	0
69	62	0
69	63	1
69	64	1
69	65	0
69	66	0
69	67	1
69	68	2
69	69	1
69	70	1
69	71	1
69	72	1
69	73	1
69	74	1
69	75	2
69	76	2
69	77	0
69	78	0
69	79	0
69	80	0
69	81	0
69	82	1
69	83	2
69	84	1
69	85	0
69	86	1
69	87	1
69	88	1
69	89	0
69	90	0
69	91	0
69	92	0
69	93	0
69	94	0
69	95	0
69	96	1
69	97	1
69	98	0
69	99	0

70	0	0
70	1	0
70	2	0
70	3	0
70	4	0
70	5	0
70	6	0
70	7	0
70	8	1
70	9	1
70	10	0
70	11	0
70	12	0
70	13	0
70	14	0
70	15	0
70	16	0
70	17	0
70	18	0
70	19	0
70	20	0
70	21	1
70	22	1
70	23	1
70	24	1
70	25	0
70	26	0
70	27	0
70	28	2
70	29	2
70	30	0
70	31	0
70	32	0
70	33	0
70	34	0
70	35	0
70	36	0
70	37	1
70	38	0
70	39	0
70	40	1
70	41	1
70	42	0
70	43	1
70	44	0
70	45	0
70	46	0
70	47	0
70	48	0
70	49	0
70	50	0
70	51	0
70	52	0
70	53	1
70	54	1
70	55	0
70	56	0
70	57	0
70	58	0
70	59	0
70	60	1
70	61	0
70	62	0
70	63	0
70	64	1
70	65	1
70	66	0
70	67	0
70	68	1
70	69	1
70	70	0
70	71	0
70	72	0
70	73	0
70	74	0
70	75	0
70	76	2
70	77	2
70	78	1
70	79	1
70	80	1
70	81	1
70	82	2
70	83	1
70	84	2
70	85	1
70	86	0
70	87	0
70	88	1
70	89	1
70	90	0
70	91	0
70	92	0
70	93	0
70	94	0
70	95	0
70	96	0
70	97	1
70	98	1
70	99	0

71	0	0
71	1	0
71	2	0
71	3	0
71	4	0
71	5	0
71	6	0
71	7	1
71	8	1
71	9	0
71	10	0
71	11	0
71	12	0
71	13	0
71	14	0
71	15	0
71	16	0
71	17	0
71	18	0
71	19	0
71	20	1
71	21	1
71	22	0
71	23	0
71	24	1
71	25	1
71	26	0
71	27	2
71	28	2
71	29	1
71	30	1
71	31	0
71	32	0
71	33	0
71	34	0
71	35	0
71	36	0
71	37	1
71	38	1
71	39	1
71	40	1
71	41	0
71	42	0
71	43	1
71	44	0
71	45	0
71	46	0
71	47	0
71	48	0
71	49	0
71	50	0
71	51	0
71	52	0
71	53	0
71	54	1
71	55	1
71	56	1
71	57	0
71	58	0
71	59	0
71	60	1
71	61	1
71	62	0
71	63	0
71	64	0
71	65	1
71	66	0
71	67	0
71	68	0
71	69	1
71	70	0
71	71	0
71	72	0
71	73	0
71	74	0
71	75	0
71	76	0
71	77	1
71	78	1
71	79	0
71	80	0
71	81	1
71	82	1
71	83	0
71	84	1
71	85	2
71	86	2
71	87	1
71	88	1
71	89	2
71	90	2
71	91	1
71	92	1
71	93	0
71	94	0
71	95	0
71	96	0
71	97	0
71	98	1
71	99	0

72	0	0
72	1	0
72	2	0
72	3	0
72	4	0
72	5	0
72	6	0
72	7	1
72	8	0
72	9	0
72	10	0
72	11	0
72	12	0
72	13	0
72	14	0
72	15	0
72	16	0
72	17	0
72	18	0
72	19	1
72	20	1
72	21	0
72	22	0
72	23	0
72	24	0
72	25	1
72	26	2
72	27	2
72	28	0
72	29	0
72	30	1
72	31	1
72	32	0
72	33	0
72	34	0
72	35	0
72	36	0
72	37	0
72	38	2
72	39	1
72	40	0
72	41	0
72	42	0
72	43	0
72	44	0
72	45	0
72	46	0
72	47	0
72	48	0
72	49	0
72	50	0
72	51	0
72	52	0
72	53	0
72	54	0
72	55	0
72	56	1
72	57	1
72	58	1
72	59	0
72	60	0
72	61	1
72	62	0
72	63	0
72	64	0
72	65	1
72	66	1
72	67	0
72	68	0
72	69	1
72	70	1
72	71	0
72	72	0
72	73	0
72	74	0
72	75	0
72	76	0
72	77	0
72	78	1
72	79	1
72	80	1
72	81	1
72	82	0
72	83	0
72	84	0
72	85	0
72	86	1
72	87	1
72	88	0
72	89	0
72	90	2
72	91	1
72	92	1
72	93	1
72	94	1
72	95	1
72	96	1
72	97	1
72	98	4
72	99	3

73	0	0
73	1	0
73	2	0
73	3	0
73	4	0
73	5	0
73	6	1
73	7	1
73	8	0
73	9	0
73	10	0
73	11	0
73	12	0
73	13	0
73	14	0
73	15	0
73	16	0
73	17	0
73	18	1
73	19	1
73	20	0
73	21	0
73	22	0
73	23	0
73	24	0
73	25	1
73	26	3
73	27	0
73	28	0
73	29	0
73	30	0
73	31	1
73	32	0
73	33	0
73	34	0
73	35	0
73	36	0
73	37	1
73	38	2
73	39	1
73	40	0
73	41	0
73	42	0
73	43	0
73	44	0
73	45	0
73	46	0
73	47	0
73	48	0
73	49	0
73	50	0
73	51	0
73	52	0
73	53	0
73	54	0
73	55	0
73	56	0
73	57	0
73	58	1
73	59	1
73	60	1
73	61	1
73	62	0
73	63	0
73	64	0
73	65	0
73	66	1
73	67	1
73	68	0
73	69	0
73	70	1
73	71	0
73	72	0
73	73	0
73	74	0
73	75	0
73	76	0
73	77	0
73	78	0
73	79	1
73	80	2
73	81	0
73	82	0
73	83	0
73	84	0
73	85	0
73	86	0
73	87	1
73	88	1
73	89	1
73	90	1
73	91	2
73	92	2
73	93	2
73	94	1
73	95	1
73	96	1
73	97	1
73	98	1
73	99	2

74	0	0
74	1	0
74	2	0
74	3	0
74	4	0
74	5	1
74	6	1
74	7	0
74	8	0
74	9	0
74	10	0
74	11	0
74	12	0
74	13	0
74	14	0
74	15	0
74	16	0
74	17	1
74	18	1
74	19	0
74	20	0
74	21	0
74	22	0
74	23	0
74	24	0
74	25	2
74	26	3
74	27	1
74	28	0
74	29	0
74	30	0
74	31	1
74	32	1
74	33	0
74	34	0
74	35	0
74	36	1
74	37	1
74	38	0
74	39	1
74	40	0
74	41	0
74	42	0
74	43	0
74	44	0
74	45	0
74	46	0
74	47	0
74	48	0
74	49	0
74	50	0
74	51	0
74	52	0
74	53	0
74	54	0
74	55	0
74	56	0
74	57	0
74	58	0
74	59	0
74	60	1
74	61	2
74	62	1
74	63	0
74	64	0
74	65	0
74	66	0
74	67	1
74	68	0
74	69	0
74	70	1
74	71	1
74	72	0
74	73	0
74	74	0
74	75	0
74	76	0
74	77	0
74	78	0
74	79	1
74	80	2
74	81	0
74	82	1
74	83	1
74	84	1
74	85	1
74	86	1
74	87	1
74	88	1
74	89	2
74	90	2
74	91	0
74	92	0
74	93	1
74	94	1
74	95	0
74	96	0
74	97	0
74	98	0
74	99	1

75	0	0
75	1	0
75	2	0
75	3	0
75	4	0
75	5	1
75	6	0
75	7	0
75	8	0
75	9	0
75	10	0
75	11	0
75	12	0
75	13	0
75	14	0
75	15	0
75	16	1
75	17	1
75	18	0
75	19	0
75	20	0
75	21	0
75	22	0
75	23	0
75	24	1
75	25	2
75	26	0
75	27	1
75	28	0
75	29	0
75	30	0
75	31	0
75	32	1
75	33	0
75	34	0
75	35	1
75	36	1
75	37	0
75	38	0
75	39	1
75	40	0
75	41	0
75	42	0
75	43	0
75	44	0
75	45	0
75	46	0
75	47	0
75	48	0
75	49	0
75	50	0
75	51	0
75	52	0
75	53	0
75	54	0
75	55	0
75	56	0
75	57	0
75	58	0
75	59	0
75	60	0
75	61	1
75	62	2
75	63	1
75	64	0
75	65	0
75	66	0
75	67	1
75	68	1
75	69	0
75	70	0
75	71	0
75	72	0
75	73	0
75	74	1
75	75	1
75	76	1
75	77	1
75	78	2
75	79	2
75	80	1
75	81	1
75	82	1
75	83	0
75	84	0
75	85	0
75	86	0
75	87	0
75	88	0
75	89	0
75	90	2
75	91	1
75	92	0
75	93	0
75	94	1
75	95	1
75	96	0
75	97	0
75	98	1
75	99	1

76	0	0
76	1	0
76	2	0
76	3	0
76	4	1
76	5	1
76	6	0
76	7	0
76	8	0
76	9	0
76	10	0
76	11	0
76	12	0
76	13	0
76	14	1
76	15	1
76	16	1
76	17	0
76	18	0
76	19	0
76	20	0
76	21	0
76	22	0
76	23	1
76	24	2
76	25	1
76	26	0
76	27	1
76	28	1
76	29	0
76	30	0
76	31	0
76	32	1
76	33	1
76	34	1
76	35	1
76	36	0
76	37	0
76	38	0
76	39	1
76	40	1
76	41	0
76	42	0
76	43	0
76	44	0
76	45	0
76	46	0
76	47	0
76	48	0
76	49	0
76	50	0
76	51	0
76	52	0
76	53	0
76	54	0
76	55	0
76	56	0
76	57	1
76	58	2
76	59	2
76	60	1
76	61	0
76	62	1
76	63	2
76	64	1
76	65	1
76	66	1
76	67	1
76	68	2
76	69	1
76	70	1
76	71	1
76	72	1
76	73	1
76	74	1
76	75	0
76	76	0
76	77	0
76	78	1
76	79	0
76	80	0
76	81	0
76	82	0
76	83	0
76	84	0
76	85	0
76	86	0
76	87	0
76	88	0
76	89	0
76	90	0
76	91	1
76	92	1
76	93	0
76	94	0
76	95	1
76	96	1
76	97	1
76	98	1
76	99	0

77	0	0
77	1	0
77	2	0
77	3	0
77	4	1
77	5	0
77	6	0
77	7	0
77	8	0
77	9	0
77	10	0
77	11	0
77	12	0
77	13	1
77	14	1
77	15	0
77	16	0
77	17	0
77	18	0
77	19	0
77	20	0
77	21	0
77	22	1
77	23	2
77	24	1
77	25	0
77	26	0
77	27	0
77	28	1
77	29	0
77	30	0
77	31	0
77	32	0
77	33	2
77	34	1
77	35	0
77	36	0
77	37	0
77	38	0
77	39	0
77	40	1
77	41	0
77	42	0
77	43	0
77	44	0
77	45	0
77	46	0
77	47	0
77	48	0
77	49	0
77	50	0
77	51	0
77	52	0
77	53	0
77	54	0
77	55	0
77	56	3
77	57	6
77	58	5
77	59	3
77	60	3
77	61	2
77	62	3
77	63	2
77	64	1
77	65	2
77	66	2
77	67	1
77	68	1
77	69	1
77	70	0
77	71	0
77	72	0
77	73	0
77	74	0
77	75	0
77	76	0
77	77	1
77	78	1
77	79	0
77	80	0
77	81	0
77	82	0
77	83	0
77	84	0
77	85	0
77	86	0
77	87	0
77	88	0
77	89	0
77	90	0
77	91	0
77	92	1
77	93	1
77	94	0
77	95	0
77	96	0
77	97	2
77	98	2
77	99	0

78	0	0
78	1	0
78	2	0
78	3	1
78	4	1
78	5	0
78	6	0
78	7	0
78	8	0
78	9	0
78	10	0
78	11	0
78	12	1
78	13	1
78	14	0
78	15	0
78	16	0
78	17	0
78	18	0
78	19	0
78	20	0
78	21	1
78	22	1
78	23	1
78	24	0
78	25	0
78	26	0
78	27	0
78	28	1
78	29	1
78	30	0
78	31	1
78	32	1
78	33	2
78	34	1
78	35	0
78	36	0
78	37	0
78	38	0
78	39	0
78	40	1
78	41	0
78	42	0
78	43	0
78	44	0
78	45	0
78	46	0
78	47	0
78	48	0
78	49	0
78	50	0
78	51	0
78	52	1
78	53	1
78	54	2
78	55	3
78	56	52
78	57	14
78	58	7
78	59	2
78	60	1
78	61	0
78	62	0
78	63	0
78	64	0
78	65	0
78	66	0
78	67	1
78	68	1
78	69	1
78	70	1
78	71	0
78	72	0
78	73	0
78	74	0
78	75	0
78	76	1
78	77	1
78	78	0
78	79	0
78	80	0
78	81	0
78	82	0
78	83	0
78	84	0
78	85	0
78	86	0
78	87	0
78	88	0
78	89	0
78	90	0
78	91	0
78	92	0
78	93	1
78	94	1
78	95	0
78	96	1
78	97	1
78	98	1
78	99	1

79	0	0
79	1	0
79	2	1
79	3	1
79	4	0
79	5	0
79	6	0
79	7	0
79	8	0
79	9	0
79	10	0
79	11	1
79	12	1
79	13	0
79	14	0
79	15	0
79	16	0
79	17	0
79	18	0
79	19	0
79	20	0
79	21	1
79	22	1
79	23	1
79	24	0
79	25	0
79	26	0
79	27	0
79	28	0
79	29	1
79	30	2
79	31	1
79	32	0
79	33	0
79	34	1
79	35	0
79	36	0
79	37	0
79	38	0
79	39	0
79	40	1
79	41	1
79	42	0
79	43	0
79	44	0
79	45	0
79	46	0
79	47	0
79	48	0
79	49	0
79	50	0
79	51	0
79	52	1
79	53	0
79	54	2
79	55	5
79	56	9
79	57	4
79	58	7
79	59	5
79	60	4
79	61	1
79	62	1
79	63	0
79	64	0
79	65	0
79	66	0
79	67	0
79	68	1
79	69	1
79	70	2
79	71	0
79	72	0
79	73	0
79	74	0
79	75	0
79	76	1
79	77	0
79	78	0
79	79	0
79	80	0
79	81	0
79	82	0
79	83	0
79	84	0
79	85	0
79	86	0
79	87	0
79	88	0
79	89	0
79	90	0
79	91	0
79	92	0
79	93	0
79	94	1
79	95	1
79	96	1
79	97	0
79	98	0
79	99	2

80	0	0
80	1	0
80	2	1
80	3	0
80	4	0
80	5	0
80	6	0
80	7	0
80	8	0
80	9	0
80	10	1
80	11	1
80	12	0
80	13	0
80	14	0
80	15	0
80	16	0
80	17	0
80	18	0
80	19	0
80	20	1
80	21	2
80	22	1
80	23	0
80	24	0
80	25	0
80	26	0
80	27	0
80	28	0
80	29	1
80	30	2
80	31	0
80	32	0
80	33	0
80	34	1
80	35	1
80	36	0
80	37	0
80	38	0
80	39	0
80	40	0
80	41	1
80	42	0
80	43	0
80	44	0
80	45	0
80	46	0
80	47	0
80	48	0
80	49	0
80	50	0
80	51	0
80	52	0
80	53	1
80	54	3
80	55	6
80	56	6
80	57	0
80	58	2
80	59	5
80	60	5
80	61	5
80	62	1
80	63	0
80	64	0
80	65	0
80	66	0
80	67	0
80	68	0
80	69	0
80	70	2
80	71	2
80	72	1
80	73	0
80	74	0
80	75	1
80	76	1
80	77	0
80	78	0
80	79	0
80	80	0
80	81	0
80	82	0
80	83	0
80	84	0
80	85	0
80	86	0
80	87	0
80	88	0
80	89	0
80	90	0
80	91	0
80	92	0
80	93	0
80	94	0
80	95	2
80	96	2
80	97	2
80	98	1
80	99	1

81	0	0
81	1	1
81	2	1
81	3	0
81	4	0
81	5	0
81	6	0
81	7	0
81	8	0
81	9	1
81	10	1
81	11	0
81	12	0
81	13	0
81	14	0
81	15	0
81	16	0
81	17	0
81	18	0
81	19	1
81	20	1
81	21	1
81	22	0
81	23	0
81	24	0
81	25	0
81	26	0
81	27	0
81	28	1
81	29	1
81	30	1
81	31	1
81	32	0
81	33	0
81	34	0
81	35	1
81	36	0
81	37	0
81	38	0
81	39	0
81	40	0
81	41	1
81	42	0
81	43	0
81	44	0
81	45	0
81	46	0
81	47	0
81	48	0
81	49	0
81	50	0
81	51	0
81	52	1
81	53	2
81	54	3
81	55	5
81	56	4
81	57	0
81	58	0
81	59	2
81	60	1
81	61	3
81	62	4
81	63	3
81	64	1
81	65	1
81	66	0
81	67	0
81	68	0
81	69	0
81	70	0
81	71	1
81	72	2
81	73	1
81	74	1
81	75	1
81	76	0
81	77	0
81	78	0
81	79	0
81	80	0
81	81	0
81	82	0
81	83	0
81	84	0
81	85	0
81	86	0
81	87	0
81	88	0
81	89	0
81	90	0
81	91	0
81	92	0
81	93	0
81	94	1
81	95	1
81	96	1
81	97	2
81	98	1
81	99	0

82	0	1
82	1	1
82	2	0
82	3	0
82	4	0
82	5	0
82	6	0
82	7	0
82	8	1
82	9	1
82	10	0
82	11	0
82	12	0
82	13	0
82	14	0
82	15	0
82	16	0
82	17	0
82	18	1
82	19	1
82	20	1
82	21	1
82	22	0
82	23	0
82	24	0
82	25	0
82	26	0
82	27	1
82	28	1
82	29	0
82	30	0
82	31	1
82	32	1
82	33	0
82	34	0
82	35	1
82	36	1
82	37	0
82	38	0
82	39	0
82	40	0
82	41	1
82	42	1
82	43	0
82	44	0
82	45	0
82	46	0
82	47	0
82	48	0
82	49	0
82	50	0
82	51	1
82	52	2
82	53	2
82	54	4
82	55	4
82	56	2
82	57	0
82	58	0
82	59	1
82	60	2
82	61	1
82	62	1
82	63	3
82	64	3
82	65	3
82	66	1
82	67	1
82	68	0
82	69	0
82	70	0
82	71	0
82	72	1
82	73	0
82	74	2
82	75	2
82	76	0
82	77	0
82	78	0
82	79	0
82	80	0
82	81	0
82	82	0
82	83	0
82	84	0
82	85	0
82	86	0
82	87	0
82	88	0
82	89	0
82	90	0
82	91	0
82	92	0
82	93	0
82	94	1
82	95	1
82	96	1
82	97	0
82	98	1
82	99	1

83	0	1
83	1	0
83	2	0
83	3	0
83	4	0
83	5	0
83	6	0
83	7	1
83	8	1
83	9	0
83	10	0
83	11	0
83	12	0
83	13	0
83	14	0
83	15	0
83	16	0
83	17	1
83	18	1
83	19	0
83	20	1
83	21	0
83	22	0
83	23	0
83	24	0
83	25	0
83	26	1
83	27	1
83	28	0
83	29	0
83	30	0
83	31	0
83	32	1
83	33	0
83	34	0
83	35	0
83	36	1
83	37	0
83	38	0
83	39	0
83	40	0
83	41	0
83	42	1
83	43	0
83	44	0
83	45	0
83	46	0
83	47	0
83	48	0
83	49	0
83	50	1
83	51	2
83	52	2
83	53	2
83	54	3
83	55	3
83	56	2
83	57	0
83	58	0
83	59	0
83	60	1
83	61	3
83	62	1
83	63	0
83	64	1
83	65	4
83	66	1
83	67	2
83	68	1
83	69	1
83	70	0
83	71	0
83	72	1
83	73	2
83	74	1
83	75	1
83	76	1
83	77	1
83	78	0
83	79	0
83	80	0
83	81	0
83	82	0
83	83	0
83	84	0
83	85	0
83	86	0
83	87	0
83	88	0
83	89	0
83	90	0
83	91	0
83	92	0
83	93	2
83	94	2
83	95	1
83	96	0
83	97	0
83	98	0
83	99	2

84	0	2
84	1	0
84	2	0
84	3	0
84	4	0
84	5	0
84	6	1
84	7	1
84	8	0
84	9	0
84	10	0
84	11	0
84	12	0
84	13	0
84	14	0
84	15	0
84	16	1
84	17	1
84	18	0
84	19	1
84	20	1
84	21	0
84	22	0
84	23	0
84	24	0
84	25	1
84	26	1
84	27	0
84	28	0
84	29	0
84	30	0
84	31	0
84	32	1
84	33	1
84	34	0
84	35	0
84	36	1
84	37	1
84	38	0
84	39	0
84	40	0
84	41	0
84	42	1
84	43	1
84	44	0
84	45	0
84	46	0
84	47	0
84	48	0
84	49	1
84	50	2
84	51	1
84	52	1
84	53	1
84	54	3
84	55	3
84	56	1
84	57	0
84	58	0
84	59	0
84	60	0
84	61	1
84	62	1
84	63	0
84	64	0
84	65	1
84	66	1
84	67	2
84	68	1
84	69	1
84	70	1
84	71	1
84	72	0
84	73	2
84	74	1
84	75	0
84	76	0
84	77	1
84	78	1
84	79	1
84	80	0
84	81	0
84	82	0
84	83	0
84	84	0
84	85	0
84	86	0
84	87	0
84	88	0
84	89	0
84	90	0
84	91	0
84	92	2
84	93	2
84	94	0
84	95	0
84	96	0
84	97	0
84	98	1
84	99	1

85	0	1
85	1	1
85	2	0
85	3	0
85	4	0
85	5	1
85	6	1
85	7	0
85	8	0
85	9	0
85	10	0
85	11	0
85	12	0
85	13	0
85	14	0
85	15	0
85	16	1
85	17	0
85	18	1
85	19	1
85	20	0
85	21	0
85	22	0
85	23	0
85	24	1
85	25	1
85	26	0
85	27	0
85	28	0
85	29	0
85	30	0
85	31	0
85	32	0
85	33	1
85	34	1
85	35	0
85	36	0
85	37	1
85	38	0
85	39	0
85	40	0
85	41	0
85	42	0
85	43	1
85	44	0
85	45	0
85	46	0
85	47	0
85	48	1
85	49	3
85	50	1
85	51	1
85	52	2
85	53	3
85	54	4
85	55	3
85	56	0
85	57	0
85	58	0
85	59	0
85	60	0
85	61	0
85	62	1
85	63	1
85	64	1
85	65	0
85	66	0
85	67	1
85	68	2
85	69	1
85	70	1
85	71	1
85	72	2
85	73	2
85	74	1
85	75	0
85	76	0
85	77	0
85	78	0
85	79	1
85	80	1
85	81	0
85	82	0
85	83	0
85	84	0
85	85	0
85	86	0
85	87	0
85	88	0
85	89	0
85	90	0
85	91	1
85	92	2
85	93	0
85	94	0
85	95	0
85	96	0
85	97	1
85	98	1
85	99	0

86	0	0
86	1	1
86	2	0
86	3	0
86	4	1
86	5	1
86	6	0
86	7	0
86	8	0
86	9	0
86	10	0
86	11	0
86	12	0
86	13	0
86	14	0
86	15	1
86	16	1
86	17	0
86	18	1
86	19	0
86	20	0
86	21	0
86	22	0
86	23	1
86	24	1
86	25	0
86	26	0
86	27	0
86	28	0
86	29	0
86	30	0
86	31	0
86	32	0
86	33	0
86	34	1
86	35	0
86	36	0
86	37	1
86	38	1
86	39	0
86	40	0
86	41	0
86	42	0
86	43	1
86	44	0
86	45	0
86	46	0
86	47	1
86	48	2
86	49	1
86	50	0
86	51	1
86	52	1
86	53	2
86	54	3
86	55	1
86	56	0
86	57	0
86	58	0
86	59	0
86	60	0
86	61	0
86	62	0
86	63	1
86	64	1
86	65	1
86	66	0
86	67	0
86	68	1
86	69	1
86	70	2
86	71	2
86	72	2
86	73	1
86	74	2
86	75	2
86	76	0
86	77	0
86	78	0
86	79	0
86	80	1
86	81	1
86	82	1
86	83	0
86	84	0
86	85	0
86	86	0
86	87	0
86	88	0
86	89	0
86	90	1
86	91	2
86	92	1
86	93	0
86	94	0
86	95	1
86	96	1
86	97	1
86	98	0
86	99	0

87	0	0
87	1	1
87	2	1
87	3	1
87	4	1
87	5	0
87	6	0
87	7	0
87	8	0
87	9	0
87	10	0
87	11	0
87	12	0
87	13	0
87	14	1
87	15	1
87	16	0
87	17	1
87	18	1
87	19	0
87	20	0
87	21	0
87	22	1
87	23	1
87	24	0
87	25	0
87	26	0
87	27	0
87	28	0
87	29	0
87	30	0
87	31	0
87	32	0
87	33	0
87	34	1
87	35	1
87	36	0
87	37	0
87	38	1
87	39	0
87	40	0
87	41	0
87	42	0
87	43	1
87	44	1
87	45	0
87	46	2
87	47	2
87	48	1
87	49	0
87	50	1
87	51	2
87	52	1
87	53	3
87	54	2
87	55	1
87	56	0
87	57	0
87	58	0
87	59	0
87	60	0
87	61	0
87	62	0
87	63	1
87	64	1
87	65	1
87	66	1
87	67	1
87	68	0
87	69	0
87	70	1
87	71	2
87	72	1
87	73	1
87	74	1
87	75	2
87	76	1
87	77	1
87	78	0
87	79	0
87	80	0
87	81	0
87	82	1
87	83	1
87	84	2
87	85	0
87	86	0
87	87	0
87	88	1
87	89	1
87	90	1
87	91	1
87	92	0
87	93	0
87	94	1
87	95	1
87	96	0
87	97	0
87	98	0
87	99	0

88	0	0
88	1	0
88	2	2
88	3	1
88	4	0
88	5	0
88	6	0
88	7	0
88	8	0
88	9	0
88	10	0
88	11	0
88	12	0
88	13	1
88	14	1
88	15	0
88	16	1
88	17	1
88	18	0
88	19	0
88	20	0
88	21	1
88	22	1
88	23	0
88	24	0
88	25	0
88	26	0
88	27	0
88	28	0
88	29	0
88	30	0
88	31	0
88	32	0
88	33	0
88	34	0
88	35	1
88	36	0
88	37	0
88	38	1
88	39	1
88	40	0
88	41	0
88	42	0
88	43	0
88	44	1
88	45	1
88	46	3
88	47	3
88	48	0
88	49	1
88	50	1
88	51	1
88	52	2
88	53	3
88	54	1
88	55	1
88	56	0
88	57	0
88	58	0
88	59	0
88	60	0
88	61	0
88	62	0
88	63	0
88	64	1
88	65	1
88	66	0
88	67	1
88	68	1
88	69	0
88	70	1
88	71	2
88	72	0
88	73	0
88	74	1
88	75	2
88	76	1
88	77	2
88	78	1
88	79	1
88	80	0
88	81	0
88	82	0
88	83	0
88	84	1
88	85	1
88	86	1
88	87	1
88	88	1
88	89	0
88	90	1
88	91	1
88	92	0
88	93	1
88	94	1
88	95	0
88	96	0
88	97	0
88	98	0
88	99	0

89	0	0
89	1	1
89	2	2
89	3	1
89	4	0
89	5	0
89	6	0
89	7	0
89	8	0
89	9	0
89	10	0
89	11	0
89	12	1
89	13	1
89	14	0
89	15	0
89	16	1
89	17	0
89	18	0
89	19	0
89	20	1
89	21	1
89	22	0
89	23	0
89	24	0
89	25	0
89	26	0
89	27	0
89	28	0
89	29	0
89	30	0
89	31	0
89	32	0
89	33	0
89	34	0
89	35	1
89	36	1
89	37	0
89	38	0
89	39	1
89	40	0
89	41	0
89	42	0
89	43	0
89	44	2
89	45	2
89	46	1
89	47	1
89	48	0
89	49	1
89	50	1
89	51	1
89	52	3
89	53	1
89	54	1
89	55	1
89	56	0
89	57	0
89	58	0
89	59	0
89	60	0
89	61	0
89	62	0
89	63	0
89	64	0
89	65	1
89	66	0
89	67	0
89	68	1
89	69	1
89	70	1
89	71	0
89	72	0
89	73	0
89	74	0
89	75	1
89	76	2
89	77	2
89	78	0
89	79	1
89	80	1
89	81	1
89	82	0
89	83	0
89	84	0
89	85	0
89	86	2
89	87	2
89	88	0
89	89	1
89	90	1
89	91	0
89	92	1
89	93	1
89	94	0
89	95	0
89	96	0
89	97	0
89	98	0
89	99	0

90	0	1
90	1	1
90	2	0
90	3	1
90	4	1
90	5	0
90	6	0
90	7	0
90	8	0
90	9	0
90	10	0
90	11	0
90	12	1
90	13	0
90	14	0
90	15	1
90	16	1
90	17	0
90	18	0
90	19	1
90	20	1
90	21	0
90	22	0
90	23	0
90	24	0
90	25	0
90	26	0
90	27	0
90	28	0
90	29	0
90	30	0
90	31	0
90	32	0
90	33	0
90	34	0
90	35	0
90	36	1
90	37	1
90	38	0
90	39	1
90	40	1
90	41	0
90	42	0
90	43	1
90	44	3
90	45	2
90	46	0
90	47	1
90	48	1
90	49	2
90	50	1
90	51	0
90	52	2
90	53	2
90	54	2
90	55	1
90	56	0
90	57	0
90	58	0
90	59	0
90	60	0
90	61	0
90	62	0
90	63	0
90	64	0
90	65	0
90	66	0
90	67	0
90	68	0
90	69	2
90	70	2
90	71	0
90	72	0
90	73	0
90	74	0
90	75	0
90	76	0
90	77	2
90	78	1
90	79	1
90	80	0
90	81	1
90	82	1
90	83	1
90	84	1
90	85	1
90	86	1
90	87	1
90	88	1
90	89	2
90	90	0
90	91	1
90	92	1
90	93	0
90	94	0
90	95	0
90	96	0
90	97	0
90	98	0
90	99	0

91	0	2
91	1	1
91	2	0
91	3	0
91	4	1
91	5	0
91	6	0
91	7	0
91	8	0
91	9	0
91	10	0
91	11	1
91	12	1
91	13	0
91	14	1
91	15	1
91	16	0
91	17	0
91	18	1
91	19	1
91	20	0
91	21	0
91	22	0
91	23	0
91	24	0
91	25	0
91	26	0
91	27	0
91	28	0
91	29	0
91	30	0
91	31	0
91	32	0
91	33	0
91	34	0
91	35	0
91	36	0
91	37	1
91	38	0
91	39	0
91	40	1
91	41	1
91	42	1
91	43	2
91	44	1
91	45	1
91	46	0
91	47	2
91	48	2
91	49	1
91	50	0
91	51	2
91	52	3
91	53	2
91	54	1
91	55	0
91	56	0
91	57	0
91	58	0
91	59	0
91	60	0
91	61	0
91	62	0
91	63	0
91	64	0
91	65	0
91	66	0
91	67	0
91	68	1
91	69	1
91	70	1
91	71	1
91	72	0
91	73	0
91	74	0
91	75	0
91	76	0
91	77	1
91	78	1
91	79	1
91	80	1
91	81	0
91	82	0
91	83	2
91	84	2
91	85	1
91	86	0
91	87	0
91	88	1
91	89	2
91	90	2
91	91	2
91	92	0
91	93	0
91	94	0
91	95	0
91	96	0
91	97	0
91	98	0
91	99	0

92	0	0
92	1	2
92	2	1
92	3	0
92	4	1
92	5	1
92	6	0
92	7	0
92	8	0
92	9	0
92	10	1
92	11	1
92	12	0
92	13	0
92	14	1
92	15	0
92	16	0
92	17	1
92	18	1
92	19	0
92	20	0
92	21	0
92	22	0
92	23	0
92	24	0
92	25	0
92	26	0
92	27	0
92	28	0
92	29	0
92	30	0
92	31	0
92	32	0
92	33	0
92	34	0
92	35	0
92	36	0
92	37	1
92	38	1
92	39	0
92	40	0
92	41	3
92	42	2
92	43	1
92	44	0
92	45	1
92	46	1
92	47	1
92	48	2
92	49	1
92	50	0
92	51	2
92	52	1
92	53	1
92	54	1
92	55	0
92	56	0
92	57	0
92	58	0
92	59	0
92	60	0
92	61	0
92	62	0
92	63	0
92	64	0
92	65	0
92	66	0
92	67	0
92	68	1
92	69	0
92	70	0
92	71	1
92	72	1
92	73	0
92	74	0
92	75	0
92	76	0
92	77	0
92	78	1
92	79	1
92	80	1
92	81	1
92	82	2
92	83	1
92	84	0
92	85	1
92	86	1
92	87	2
92	88	2
92	89	1
92	90	1
92	91	1
92	92	1
92	93	1
92	94	0
92	95	0
92	96	0
92	97	0
92	98	0
92	99	0

93	0	0
93	1	0
93	2	1
93	3	1
93	4	0
93	5	1
93	6	1
93	7	0
93	8	0
93	9	1
93	10	1
93	11	0
93	12	0
93	13	1
93	14	1
93	15	1
93	16	1
93	17	1
93	18	0
93	19	0
93	20	0
93	21	0
93	22	0
93	23	0
93	24	0
93	25	0
93	26	0
93	27	0
93	28	0
93	29	0
93	30	0
93	31	0
93	32	0
93	33	0
93	34	0
93	35	0
93	36	0
93	37	0
93	38	1
93	39	1
93	40	0
93	41	1
93	42	2
93	43	0
93	44	0
93	45	0
93	46	2
93	47	1
93	48	2
93	49	0
93	50	1
93	51	2
93	52	1
93	53	1
93	54	0
93	55	0
93	56	0
93	57	0
93	58	0
93	59	0
93	60	0
93	61	0
93	62	0
93	63	0
93	64	1
93	65	1
93	66	0
93	67	0
93	68	1
93	69	0
93	70	0
93	71	0
93	72	1
93	73	1
93	74	1
93	75	0
93	76	0
93	77	0
93	78	0
93	79	1
93	80	0
93	81	1
93	82	2
93	83	1
93	84	1
93	85	0
93	86	0
93	87	2
93	88	2
93	89	2
93	90	1
93	91	0
93	92	0
93	93	1
93	94	1
93	95	0
93	96	0
93	97	0
93	98	0
93	99	0

94	0	0
94	1	0
94	2	0
94	3	1
94	4	1
94	5	0
94	6	1
94	7	0
94	8	1
94	9	1
94	10	0
94	11	0
94	12	0
94	13	1
94	14	1
94	15	1
94	16	0
94	17	0
94	18	0
94	19	0
94	20	0
94	21	0
94	22	0
94	23	0
94	24	0
94	25	0
94	26	0
94	27	0
94	28	0
94	29	0
94	30	0
94	31	0
94	32	0
94	33	0
94	34	0
94	35	0
94	36	0
94	37	0
94	38	0
94	39	1
94	40	0
94	41	1
94	42	2
94	43	0
94	44	0
94	45	0
94	46	2
94	47	1
94	48	2
94	49	0
94	50	2
94	51	2
94	52	2
94	53	1
94	54	0
94	55	0
94	56	0
94	57	0
94	58	0
94	59	0
94	60	0
94	61	0
94	62	0
94	63	0
94	64	0
94	65	1
94	66	1
94	67	0
94	68	0
94	69	0
94	70	0
94	71	0
94	72	0
94	73	0
94	74	1
94	75	1
94	76	0
94	77	0
94	78	0
94	79	2
94	80	2
94	81	1
94	82	0
94	83	0
94	84	1
94	85	1
94	86	3
94	87	2
94	88	0
94	89	0
94	90	1
94	91	1
94	92	1
94	93	0
94	94	1
94	95	1
94	96	1
94	97	0
94	98	0
94	99	0

95	0	0
95	1	0
95	2	0
95	3	0
95	4	1
95	5	1
95	6	1
95	7	2
95	8	1
95	9	0
95	10	0
95	11	0
95	12	1
95	13	2
95	14	1
95	15	0
95	16	0
95	17	0
95	18	0
95	19	0
95	20	0
95	21	0
95	22	0
95	23	0
95	24	0
95	25	0
95	26	0
95	27	0
95	28	0
95	29	0
95	30	0
95	31	0
95	32	0
95	33	0
95	34	0
95	35	0
95	36	0
95	37	0
95	38	0
95	39	1
95	40	2
95	41	1
95	42	1
95	43	1
95	44	0
95	45	1
95	46	2
95	47	2
95	48	1
95	49	1
95	50	2
95	51	2
95	52	0
95	53	0
95	54	0
95	55	0
95	56	0
95	57	0
95	58	0
95	59	0
95	60	0
95	61	0
95	62	0
95	63	0
95	64	0
95	65	0
95	66	1
95	67	1
95	68	1
95	69	0
95	70	0
95	71	0
95	72	0
95	73	0
95	74	0
95	75	1
95	76	1
95	77	0
95	78	1
95	79	1
95	80	1
95	81	0
95	82	0
95	83	0
95	84	0
95	85	1
95	86	3
95	87	1
95	88	0
95	89	0
95	90	0
95	91	0
95	92	1
95	93	1
95	94	1
95	95	0
95	96	1
95	97	1
95	98	1
95	99	0

96	0	0
96	1	0
96	2	0
96	3	0
96	4	0
96	5	1
96	6	1
96	7	2
96	8	1
96	9	0
96	10	0
96	11	1
96	12	2
96	13	1
96	14	0
96	15	0
96	16	0
96	17	0
96	18	0
96	19	0
96	20	0
96	21	0
96	22	0
96	23	0
96	24	0
96	25	0
96	26	0
96	27	0
96	28	0
96	29	0
96	30	0
96	31	0
96	32	0
96	33	0
96	34	0
96	35	0
96	36	0
96	37	0
96	38	0
96	39	1
96	40	2
96	41	0
96	42	0
96	43	1
96	44	1
96	45	1
96	46	1
96	47	2
96	48	0
96	49	3
96	50	2
96	51	1
96	52	0
96	53	0
96	54	0
96	55	0
96	56	0
96	57	0
96	58	0
96	59	0
96	60	0
96	61	0
96	62	0
96	63	0
96	64	0
96	65	0
96	66	0
96	67	0
96	68	1
96	69	1
96	70	0
96	71	0
96	72	0
96	73	0
96	74	0
96	75	0
96	76	1
96	77	2
96	78	1
96	79	0
96	80	1
96	81	1
96	82	0
96	83	0
96	84	1
96	85	2
96	86	1
96	87	1
96	88	1
96	89	1
96	90	0
96	91	0
96	92	0
96	93	0
96	94	1
96	95	1
96	96	1
96	97	0
96	98	1
96	99	2

97	0	0
97	1	0
97	2	0
97	3	0
97	4	0
97	5	0
97	6	2
97	7	2
97	8	1
97	9	0
97	10	0
97	11	2
97	12	1
97	13	0
97	14	0
97	15	0
97	16	0
97	17	0
97	18	0
97	19	0
97	20	0
97	21	0
97	22	0
97	23	0
97	24	0
97	25	0
97	26	0
97	27	0
97	28	0
97	29	0
97	30	0
97	31	0
97	32	0
97	33	0
97	34	0
97	35	0
97	36	0
97	37	0
97	38	1
97	39	1
97	40	1
97	41	1
97	42	0
97	43	1
97	44	2
97	45	0
97	46	1
97	47	1
97	48	0
97	49	3
97	50	0
97	51	1
97	52	0
97	53	0
97	54	0
97	55	0
97	56	0
97	57	0
97	58	0
97	59	0
97	60	0
97	61	0
97	62	0
97	63	0
97	64	0
97	65	0
97	66	0
97	67	0
97	68	0
97	69	1
97	70	1
97	71	0
97	72	0
97	73	0
97	74	0
97	75	1
97	76	1
97	77	2
97	78	1
97	79	0
97	80	0
97	81	1
97	82	1
97	83	1
97	84	2
97	85	1
97	86	0
97	87	0
97	88	0
97	89	1
97	90	1
97	91	1
97	92	0
97	93	0
97	94	0
97	95	0
97	96	1
97	97	1
97	98	2
97	99	1

98	0	0
98	1	0
98	2	0
98	3	0
98	4	0
98	5	1
98	6	1
98	7	1
98	8	2
98	9	1
98	10	2
98	11	2
98	12	0
98	13	0
98	14	0
98	15	0
98	16	0
98	17	0
98	18	0
98	19	0
98	20	0
98	21	0
98	22	0
98	23	0
98	24	0
98	25	0
98	26	0
98	27	0
98	28	0
98	29	0
98	30	0
98	31	0
98	32	0
98	33	0
98	34	0
98	35	0
98	36	0
98	37	1
98	38	1
98	39	0
98	40	0
98	41	1
98	42	1
98	43	1
98	44	2
98	45	1
98	46	1
98	47	1
98	48	2
98	49	3
98	50	2
98	51	1
98	52	0
98	53	0
98	54	0
98	55	0
98	56	0
98	57	0
98	58	0
98	59	0
98	60	0
98	61	0
98	62	0
98	63	0
98	64	0
98	65	0
98	66	0
98	67	0
98	68	0
98	69	0
98	70	1
98	71	1
98	72	1
98	73	0
98	74	1
98	75	1
98	76	0
98	77	0
98	78	1
98	79	1
98	80	0
98	81	0
98	82	2
98	83	1
98	84	1
98	85	0
98	86	0
98	87	0
98	88	0
98	89	0
98	90	0
98	91	1
98	92	1
98	93	1
98	94	0
98	95	0
98	96	1
98	97	1
98	98	2
98	99	1

99	0	0
99	1	0
99	2	0
99	3	0
99	4	0
99	5	1
99	6	0
99	7	0
99	8	1
99	9	4
99	10	2
99	11	0
99	12	0
99	13	0
99	14	0
99	15	0
99	16	0
99	17	0
99	18	0
99	19	0
99	20	0
99	21	0
99	22	0
99	23	0
99	24	0
99	25	0
99	26	0
99	27	0
99	28	0
99	29	0
99	30	0
99	31	0
99	32	0
99	33	0
99	34	0
99	35	0
99	36	0
99	37	1
99	38	0
99	39	0
99	40	0
99	41	0
99	42	2
99	43	1
99	44	1
99	45	2
99	46	0
99	47	0
99	48	4
99	49	2
99	50	2
99	51	0
99	52	0
99	53	0
99	54	0
99	55	0
99	56	0
99	57	0
99	58	0
99	59	0
99	60	0
99	61	0
99	62	0
99	63	0
99	64	0
99	65	0
99	66	0
99	67	0
99	68	0
99	69	0
99	70	0
99	71	0
99	72	1
99	73	2
99	74	1
99	75	0
99	76	0
99	77	0
99	78	0
99	79	1
99	80	2
99	81	1
99	82	2
99	83	2
99	84	1
99	85	0
99	86	0
99	87	0
99	88	0
99	89	0
99	90	0
99	91	0
99	92	0
99	93	1
99	94	2
99	95	1
99	96	1
99	97	0
99	98	0
99	99	0

